Test 3 - Meandering channel/Flood Modeller/Q1000_depth.1.00.asc
ncols         450
nrows         200
xllcorner     500
yllcorner     500
cellsize      20
NODATA_value  -9999
[rows 0 to 27 of 200, columns 384 to 447 of 450]
0.180 0.200 0.220 0.240 0.260 0.280 0.300 0.320 0.340 0.360 0.380 0.400 0.420 0.440 0.460 0.480 0.500 0.520 0.540 0.560 0.580 0.600 0.620 0.640 0.660 0.680 0.700 0.720 0.740 0.760 0.780 0.800 0.820 0.840 0.860 0.880 0.900 0.920 0.940 0.960 0.980 1.000 1.020 1.040 1.060 1.080 1.100 1.120 1.140 1.160 1.180 1.200 1.220 1.240 1.260 1.280 1.300 1.320 1.340 1.360 1.380 1.400 1.420 1.440
0.183 0.203 0.223 0.243 0.263 0.283 0.303 0.323 0.343 0.363 0.383 0.403 0.423 0.443 0.462 0.482 0.502 0.522 0.542 0.562 0.582 0.602 0.622 0.642 0.662 0.682 0.702 0.722 0.741 0.761 0.781 0.801 0.821 0.841 0.861 0.881 0.901 0.921 0.941 0.961 0.981 1.001 1.021 1.041 1.060 1.080 1.100 1.120 1.140 1.160 1.180 1.200 1.220 1.240 1.260 1.280 1.300 1.320 1.340 1.360 1.380 1.400 1.420 1.440
0.183 0.203 0.223 0.243 0.263 0.283 0.303 0.323 0.343 0.363 0.383 0.403 0.423 0.443 0.462 0.482 0.502 0.522 0.542 0.562 0.582 0.602 0.622 0.642 0.662 0.682 0.702 0.722 0.741 0.761 0.781 0.801 0.821 0.841 0.861 0.881 0.901 0.921 0.941 0.961 0.981 1.001 1.021 1.041 1.060 1.080 1.100 1.120 1.140 1.160 1.180 1.200 1.220 1.240 1.260 1.280 1.300 1.320 1.340 1.360 1.380 1.400 1.420 1.440
0.183 0.203 0.223 0.243 0.263 0.283 0.303 0.323 0.343 0.363 0.383 0.403 0.423 0.443 0.462 0.482 0.502 0.522 0.542 0.562 0.582 0.602 0.622 0.642 0.662 0.682 0.702 0.722 0.741 0.761 0.781 0.801 0.821 0.841 0.861 0.881 0.901 0.921 0.941 0.961 0.981 1.001 1.021 1.041 1.060 1.080 1.100 1.120 1.140 1.160 1.180 1.200 1.220 1.240 1.260 1.280 1.300 1.320 1.340 1.360 1.380 1.400 1.420 1.440
0.183 0.203 0.223 0.243 0.263 0.283 0.303 0.323 0.343 0.363 0.383 0.403 0.423 0.443 0.463 0.482 0.502 0.522 0.542 0.562 0.582 0.602 0.622 0.642 0.662 0.682 0.702 0.722 0.741 0.761 0.781 0.801 0.821 0.841 0.861 0.881 0.901 0.921 0.941 0.961 0.981 1.001 1.021 1.041 1.060 1.080 1.100 1.120 1.140 1.160 1.180 1.200 1.220 1.240 1.260 1.280 1.300 1.320 1.340 1.360 1.380 1.400 1.420 1.440
0.183 0.203 0.223 0.243 0.263 0.283 0.303 0.323 0.343 0.363 0.383 0.403 0.423 0.443 0.463 0.482 0.502 0.522 0.542 0.562 0.582 0.602 0.622 0.642 0.662 0.682 0.702 0.722 0.741 0.761 0.781 0.801 0.821 0.841 0.861 0.881 0.901 0.921 0.941 0.961 0.981 1.001 1.021 1.041 1.060 1.080 1.100 1.120 1.140 1.160 1.180 1.200 1.220 1.240 1.260 1.280 1.300 1.320 1.340 1.360 1.380 1.400 1.420 1.440
0.183 0.203 0.223 0.243 0.263 0.283 0.303 0.323 0.343 0.363 0.383 0.403 0.423 0.443 0.463 0.482 0.502 0.522 0.542 0.562 0.582 0.602 0.622 0.642 0.662 0.682 0.702 0.722 0.741 0.761 0.781 0.801 0.821 0.841 0.861 0.881 0.901 0.921 0.941 0.961 0.981 1.001 1.021 1.041 1.060 1.080 1.100 1.120 1.140 1.160 1.180 1.200 1.220 1.240 1.260 1.280 1.300 1.320 1.340 1.360 1.380 1.400 1.420 1.440
0.183 0.203 0.223 0.243 0.263 0.283 0.303 0.323 0.343 0.363 0.383 0.403 0.423 0.443 0.463 0.483 0.502 0.522 0.542 0.562 0.582 0.602 0.622 0.642 0.662 0.682 0.702 0.722 0.741 0.761 0.781 0.801 0.821 0.841 0.861 0.881 0.901 0.921 0.941 0.961 0.981 1.001 1.021 1.041 1.060 1.080 1.100 1.120 1.140 1.160 1.180 1.200 1.220 1.240 1.260 1.280 1.300 1.320 1.340 1.360 1.380 1.400 1.420 1.440
0.184 0.204 0.223 0.243 0.263 0.283 0.303 0.323 0.343 0.363 0.383 0.403 0.423 0.443 0.463 0.483 0.502 0.522 0.542 0.562 0.582 0.602 0.622 0.642 0.662 0.682 0.702 0.722 0.742 0.761 0.781 0.801 0.821 0.841 0.861 0.881 0.901 0.921 0.941 0.961 0.981 1.001 1.021 1.041 1.060 1.080 1.100 1.120 1.140 1.160 1.180 1.200 1.220 1.240 1.260 1.280 1.300 1.320 1.340 1.360 1.380 1.400 1.420 1.440
0.184 0.204 0.224 0.244 0.263 0.283 0.303 0.323 0.343 0.363 0.383 0.403 0.423 0.443 0.463 0.483 0.503 0.522 0.542 0.562 0.582 0.602 0.622 0.642 0.662 0.682 0.702 0.722 0.742 0.761 0.781 0.801 0.821 0.841 0.861 0.881 0.901 0.921 0.941 0.961 0.981 1.001 1.021 1.041 1.060 1.080 1.100 1.120 1.140 1.160 1.180 1.200 1.220 1.240 1.260 1.280 1.300 1.320 1.340 1.360 1.380 1.400 1.420 1.440
0.184 0.204 0.224 0.244 0.264 0.283 0.303 0.323 0.343 0.363 0.383 0.403 0.423 0.443 0.463 0.483 0.503 0.523 0.542 0.562 0.582 0.602 0.622 0.642 0.662 0.682 0.702 0.722 0.742 0.761 0.781 0.801 0.821 0.841 0.861 0.881 0.901 0.921 0.941 0.961 0.981 1.001 1.021 1.041 1.060 1.080 1.100 1.120 1.140 1.160 1.180 1.200 1.220 1.240 1.260 1.280 1.300 1.320 1.340 1.360 1.380 1.400 1.420 1.440
0.184 0.204 0.224 0.244 0.264 0.284 0.304 0.323 0.343 0.363 0.383 0.403 0.423 0.443 0.463 0.483 0.503 0.523 0.542 0.562 0.582 0.602 0.622 0.642 0.662 0.682 0.702 0.722 0.742 0.761 0.781 0.801 0.821 0.841 0.861 0.881 0.901 0.921 0.941 0.961 0.981 1.001 1.021 1.041 1.060 1.080 1.100 1.120 1.140 1.160 1.180 1.200 1.220 1.240 1.260 1.280 1.300 1.320 1.340 1.360 1.380 1.400 1.420 1.440
0.184 0.204 0.224 0.244 0.264 0.284 0.304 0.324 0.344 0.363 0.383 0.403 0.423 0.443 0.463 0.483 0.503 0.523 0.543 0.562 0.582 0.602 0.622 0.642 0.662 0.682 0.702 0.722 0.742 0.762 0.781 0.801 0.821 0.841 0.861 0.881 0.901 0.921 0.941 0.961 0.981 1.001 1.021 1.041 1.060 1.080 1.100 1.120 1.140 1.160 1.180 1.200 1.220 1.240 1.260 1.280 1.300 1.320 1.340 1.360 1.380 1.400 1.420 1.440
0.184 0.204 0.224 0.244 0.264 0.284 0.304 0.324 0.344 0.364 0.383 0.403 0.423 0.443 0.463 0.483 0.503 0.523 0.543 0.563 0.582 0.602 0.622 0.642 0.662 0.682 0.702 0.722 0.742 0.762 0.781 0.801 0.821 0.841 0.861 0.881 0.901 0.921 0.941 0.961 0.981 1.001 1.021 1.041 1.060 1.080 1.100 1.120 1.140 1.160 1.180 1.200 1.220 1.240 1.260 1.280 1.300 1.320 1.340 1.360 1.380 1.400 1.420 1.440
0.185 0.205 0.224 0.244 0.264 0.284 0.304 0.324 0.344 0.364 0.384 0.404 0.423 0.443 0.463 0.483 0.503 0.523 0.543 0.563 0.583 0.602 0.622 0.642 0.662 0.682 0.702 0.722 0.742 0.762 0.782 0.801 0.821 0.841 0.861 0.881 0.901 0.921 0.941 0.961 0.981 1.001 1.021 1.041 1.060 1.080 1.100 1.120 1.140 1.160 1.180 1.200 1.220 1.240 1.260 1.280 1.300 1.320 1.340 1.360 1.380 1.400 1.420 1.440
0.185 0.205 0.225 0.245 0.265 0.284 0.304 0.324 0.344 0.364 0.384 0.404 0.424 0.443 0.463 0.483 0.503 0.523 0.543 0.563 0.583 0.602 0.622 0.642 0.662 0.682 0.702 0.722 0.742 0.762 0.782 0.801 0.821 0.841 0.861 0.881 0.901 0.921 0.941 0.961 0.981 1.001 1.021 1.041 1.060 1.080 1.100 1.120 1.140 1.160 1.180 1.200 1.220 1.240 1.260 1.280 1.300 1.320 1.340 1.360 1.380 1.400 1.420 1.440
0.185 0.205 0.225 0.245 0.265 0.285 0.305 0.324 0.344 0.364 0.384 0.404 0.424 0.444 0.463 0.483 0.503 0.523 0.543 0.563 0.583 0.603 0.622 0.642 0.662 0.682 0.702 0.722 0.742 0.762 0.782 0.801 0.821 0.841 0.861 0.881 0.901 0.921 0.941 0.961 0.981 1.001 1.021 1.041 1.060 1.080 1.100 1.120 1.140 1.160 1.180 1.200 1.220 1.240 1.260 1.280 1.300 1.320 1.340 1.360 1.380 1.400 1.420 1.440
0.186 0.206 0.225 0.245 0.265 0.285 0.305 0.325 0.345 0.364 0.384 0.404 0.424 0.444 0.464 0.483 0.503 0.523 0.543 0.563 0.583 0.603 0.623 0.642 0.662 0.682 0.702 0.722 0.742 0.762 0.782 0.802 0.821 0.841 0.861 0.881 0.901 0.921 0.941 0.961 0.981 1.001 1.021 1.041 1.060 1.080 1.100 1.120 1.140 1.160 1.180 1.200 1.220 1.240 1.260 1.280 1.300 1.320 1.340 1.360 1.380 1.400 1.420 1.440
0.186 0.206 0.226 0.246 0.265 0.285 0.305 0.325 0.345 0.365 0.384 0.404 0.424 0.444 0.464 0.484 0.504 0.523 0.543 0.563 0.583 0.603 0.623 0.643 0.662 0.682 0.702 0.722 0.742 0.762 0.782 0.802 0.821 0.841 0.861 0.881 0.901 0.921 0.941 0.961 0.981 1.001 1.021 1.041 1.060 1.080 1.100 1.120 1.140 1.160 1.180 1.200 1.220 1.240 1.260 1.280 1.300 1.320 1.340 1.360 1.380 1.400 1.420 1.440
0.187 0.206 0.226 0.246 0.266 0.286 0.306 0.325 0.345 0.365 0.385 0.405 0.424 0.444 0.464 0.484 0.504 0.524 0.543 0.563 0.583 0.603 0.623 0.643 0.663 0.682 0.702 0.722 0.742 0.762 0.782 0.802 0.822 0.841 0.861 0.881 0.901 0.921 0.941 0.961 0.981 1.001 1.021 1.041 1.061 1.080 1.100 1.120 1.140 1.160 1.180 1.200 1.220 1.240 1.260 1.280 1.300 1.320 1.340 1.360 1.380 1.400 1.420 1.440
0.187 0.207 0.227 0.247 0.266 0.286 0.306 0.326 0.346 0.365 0.385 0.405 0.425 0.444 0.464 0.484 0.504 0.524 0.544 0.563 0.583 0.603 0.623 0.643 0.663 0.682 0.702 0.722 0.742 0.762 0.782 0.802 0.822 0.841 0.861 0.881 0.901 0.921 0.941 0.961 0.981 1.001 1.021 1.041 1.061 1.080 1.100 1.120 1.140 1.160 1.180 1.200 1.220 1.240 1.260 1.280 1.300 1.320 1.340 1.360 1.380 1.400 1.420 1.440
0.188 0.208 0.227 0.247 0.267 0.287 0.306 0.326 0.346 0.366 0.385 0.405 0.425 0.445 0.465 0.484 0.504 0.524 0.544 0.564 0.583 0.603 0.623 0.643 0.663 0.683 0.702 0.722 0.742 0.762 0.782 0.802 0.822 0.842 0.861 0.881 0.901 0.921 0.941 0.961 0.981 1.001 1.021 1.041 1.061 1.080 1.100 1.120 1.140 1.160 1.180 1.200 1.220 1.240 1.260 1.280 1.300 1.320 1.340 1.360 1.380 1.400 1.420 1.440
0.189 0.208 0.228 0.248 0.268 0.287 0.307 0.327 0.346 0.366 0.386 0.406 0.425 0.445 0.465 0.485 0.504 0.524 0.544 0.564 0.584 0.603 0.623 0.643 0.663 0.683 0.703 0.722 0.742 0.762 0.782 0.802 0.822 0.842 0.861 0.881 0.901 0.921 0.941 0.961 0.981 1.001 1.021 1.041 1.061 1.080 1.100 1.120 1.140 1.160 1.180 1.200 1.220 1.240 1.260 1.280 1.300 1.320 1.340 1.360 1.380 1.400 1.420 1.440
0.190 0.209 0.229 0.249 0.268 0.288 0.308 0.327 0.347 0.367 0.386 0.406 0.426 0.446 0.465 0.485 0.505 0.524 0.544 0.564 0.584 0.604 0.623 0.643 0.663 0.683 0.703 0.723 0.742 0.762 0.782 0.802 0.822 0.842 0.862 0.881 0.901 0.921 0.941 0.961 0.981 1.001 1.021 1.041 1.061 1.080 1.100 1.120 1.140 1.160 1.180 1.200 1.220 1.240 1.260 1.280 1.300 1.320 1.340 1.360 1.380 1.400 1.420 1.440
0.191 0.210 0.230 0.249 0.269 0.289 0.308 0.328 0.348 0.367 0.387 0.407 0.426 0.446 0.466 0.485 0.505 0.525 0.545 0.564 0.584 0.604 0.624 0.643 0.663 0.683 0.703 0.723 0.742 0.762 0.782 0.802 0.822 0.842 0.862 0.881 0.901 0.921 0.941 0.961 0.981 1.001 1.021 1.041 1.061 1.080 1.100 1.120 1.140 1.160 1.180 1.200 1.220 1.240 1.260 1.280 1.300 1.320 1.340 1.360 1.380 1.400 1.420 1.440
0.192 0.211 0.231 0.250 0.270 0.290 0.309 0.329 0.348 0.368 0.387 0.407 0.427 0.446 0.466 0.486 0.505 0.525 0.545 0.565 0.584 0.604 0.624 0.644 0.663 0.683 0.703 0.723 0.743 0.762 0.782 0.802 0.822 0.842 0.862 0.882 0.901 0.921 0.941 0.961 0.981 1.001 1.021 1.041 1.061 1.080 1.100 1.120 1.140 1.160 1.180 1.200 1.220 1.240 1.260 1.280 1.300 1.320 1.340 1.360 1.380 1.400 1.420 1.440
0.193 0.213 0.232 0.252 0.271 0.291 0.310 0.330 0.349 0.369 0.388 0.408 0.427 0.447 0.467 0.486 0.506 0.525 0.545 0.565 0.585 0.604 0.624 0.644 0.664 0.683 0.703 0.723 0.743 0.763 0.782 0.802 0.822 0.842 0.862 0.882 0.901 0.921 0.941 0.961 0.981 1.001 1.021 1.041 1.061 1.081 1.100 1.120 1.140 1.160 1.180 1.200 1.220 1.240 1.260 1.280 1.300 1.320 1.340 1.360 1.380 1.400 1.420 1.440
0.195 0.214 0.233 0.253 0.272 0.292 0.311 0.330 0.350 0.369 0.389 0.408 0.428 0.447 0.467 0.487 0.506 0.526 0.546 0.565 0.585 0.605 0.624 0.644 0.664 0.684 0.703 0.723 0.743 0.763 0.782 0.802 0.822 0.842 0.862 0.882 0.902 0.921 0.941 0.961 0.981 1.001 1.021 1.041 1.061 1.081 1.100 1.120 1.140 1.160 1.180 1.200 1.220 1.240 1.260 1.280 1.300 1.320 1.340 1.360 1.380 1.400 1.420 1.440
