Test 3 - Meandering channel/Flood Modeller/Q1000_depth.1.00.asc
ncols         450
nrows         200
xllcorner     500
yllcorner     500
cellsize      20
NODATA_value  -9999
[rows 28 to 55 of 200, columns 384 to 447 of 450]
0.196 0.216 0.235 0.254 0.273 0.293 0.312 0.332 0.351 0.370 0.390 0.409 0.429 0.448 0.468 0.487 0.507 0.526 0.546 0.566 0.585 0.605 0.625 0.644 0.664 0.684 0.703 0.723 0.743 0.763 0.783 0.802 0.822 0.842 0.862 0.882 0.902 0.921 0.941 0.961 0.981 1.001 1.021 1.041 1.061 1.081 1.100 1.120 1.140 1.160 1.180 1.200 1.220 1.240 1.260 1.280 1.300 1.320 1.340 1.360 1.380 1.400 1.420 1.440
0.198 0.217 0.237 0.256 0.275 0.294 0.313 0.333 0.352 0.371 0.391 0.410 0.429 0.449 0.468 0.488 0.507 0.527 0.546 0.566 0.586 0.605 0.625 0.645 0.664 0.684 0.704 0.723 0.743 0.763 0.783 0.803 0.822 0.842 0.862 0.882 0.902 0.921 0.941 0.961 0.981 1.001 1.021 1.041 1.061 1.081 1.100 1.120 1.140 1.160 1.180 1.200 1.220 1.240 1.260 1.280 1.300 1.320 1.340 1.360 1.380 1.400 1.420 1.440
0.200 0.219 0.238 0.258 0.277 0.296 0.315 0.334 0.353 0.372 0.392 0.411 0.430 0.450 0.469 0.488 0.508 0.527 0.547 0.566 0.586 0.606 0.625 0.645 0.665 0.684 0.704 0.724 0.743 0.763 0.783 0.803 0.822 0.842 0.862 0.882 0.902 0.922 0.941 0.961 0.981 1.001 1.021 1.041 1.061 1.081 1.100 1.120 1.140 1.160 1.180 1.200 1.220 1.240 1.260 1.280 1.300 1.320 1.340 1.360 1.380 1.400 1.420 1.440
0.203 0.222 0.241 0.260 0.278 0.297 0.316 0.335 0.354 0.374 0.393 0.412 0.431 0.450 0.470 0.489 0.508 0.528 0.547 0.567 0.586 0.606 0.626 0.645 0.665 0.684 0.704 0.724 0.744 0.763 0.783 0.803 0.823 0.842 0.862 0.882 0.902 0.922 0.941 0.961 0.981 1.001 1.021 1.041 1.061 1.081 1.100 1.120 1.140 1.160 1.180 1.200 1.220 1.240 1.260 1.280 1.300 1.320 1.340 1.360 1.380 1.400 1.420 1.440
0.206 0.224 0.243 0.262 0.281 0.299 0.318 0.337 0.356 0.375 0.394 0.413 0.432 0.451 0.471 0.490 0.509 0.528 0.548 0.567 0.587 0.606 0.626 0.645 0.665 0.685 0.704 0.724 0.744 0.763 0.783 0.803 0.823 0.842 0.862 0.882 0.902 0.922 0.942 0.961 0.981 1.001 1.021 1.041 1.061 1.081 1.101 1.120 1.140 1.160 1.180 1.200 1.220 1.240 1.260 1.280 1.300 1.320 1.340 1.360 1.380 1.400 1.420 1.440
0.209 0.227 0.246 0.264 0.283 0.302 0.320 0.339 0.358 0.376 0.395 0.414 0.433 0.452 0.471 0.491 0.510 0.529 0.549 0.568 0.587 0.607 0.626 0.646 0.665 0.685 0.705 0.724 0.744 0.764 0.783 0.803 0.823 0.843 0.862 0.882 0.902 0.922 0.942 0.961 0.981 1.001 1.021 1.041 1.061 1.081 1.101 1.120 1.140 1.160 1.180 1.200 1.220 1.240 1.260 1.280 1.300 1.320 1.340 1.360 1.380 1.400 1.420 1.440
0.212 0.230 0.249 0.267 0.285 0.304 0.322 0.341 0.359 0.378 0.397 0.416 0.434 0.453 0.472 0.491 0.511 0.530 0.549 0.568 0.588 0.607 0.627 0.646 0.666 0.685 0.705 0.725 0.744 0.764 0.784 0.803 0.823 0.843 0.862 0.882 0.902 0.922 0.942 0.961 0.981 1.001 1.021 1.041 1.061 1.081 1.101 1.120 1.140 1.160 1.180 1.200 1.220 1.240 1.260 1.280 1.300 1.320 1.340 1.360 1.380 1.400 1.420 1.440
0.216 0.234 0.252 0.270 0.288 0.307 0.325 0.343 0.362 0.380 0.399 0.417 0.436 0.455 0.474 0.492 0.512 0.531 0.550 0.569 0.588 0.608 0.627 0.647 0.666 0.686 0.705 0.725 0.744 0.764 0.784 0.803 0.823 0.843 0.863 0.882 0.902 0.922 0.942 0.962 0.981 1.001 1.021 1.041 1.061 1.081 1.101 1.120 1.140 1.160 1.180 1.200 1.220 1.240 1.260 1.280 1.300 1.320 1.340 1.360 1.380 1.400 1.420 1.440
0.220 0.238 0.256 0.274 0.292 0.310 0.328 0.346 0.364 0.382 0.400 0.419 0.437 0.456 0.475 0.494 0.512 0.532 0.551 0.570 0.589 0.608 0.628 0.647 0.667 0.686 0.706 0.725 0.745 0.764 0.784 0.804 0.823 0.843 0.863 0.882 0.902 0.922 0.942 0.962 0.981 1.001 1.021 1.041 1.061 1.081 1.101 1.120 1.140 1.160 1.180 1.200 1.220 1.240 1.260 1.280 1.300 1.320 1.340 1.360 1.380 1.400 1.420 1.440
0.225 0.242 0.260 0.278 0.295 0.313 0.331 0.348 0.366 0.384 0.402 0.421 0.439 0.457 0.476 0.495 0.514 0.532 0.551 0.571 0.590 0.609 0.628 0.648 0.667 0.686 0.706 0.725 0.745 0.765 0.784 0.804 0.823 0.843 0.863 0.883 0.902 0.922 0.942 0.962 0.981 1.001 1.021 1.041 1.061 1.081 1.101 1.120 1.140 1.160 1.180 1.200 1.220 1.240 1.260 1.280 1.300 1.320 1.340 1.360 1.380 1.400 1.420 1.440
0.229 0.247 0.264 0.282 0.299 0.317 0.334 0.352 0.369 0.387 0.405 0.423 0.441 0.459 0.477 0.496 0.515 0.533 0.552 0.571 0.590 0.610 0.629 0.648 0.667 0.687 0.706 0.726 0.745 0.765 0.784 0.804 0.824 0.843 0.863 0.883 0.902 0.922 0.942 0.962 0.982 1.001 1.021 1.041 1.061 1.081 1.101 1.121 1.140 1.160 1.180 1.200 1.220 1.240 1.260 1.280 1.300 1.320 1.340 1.360 1.380 1.400 1.420 1.440
0.235 0.252 0.269 0.287 0.304 0.321 0.338 0.355 0.372 0.390 0.407 0.425 0.443 0.461 0.479 0.497 0.516 0.534 0.553 0.572 0.591 0.610 0.629 0.649 0.668 0.687 0.707 0.726 0.746 0.765 0.785 0.804 0.824 0.843 0.863 0.883 0.903 0.922 0.942 0.962 0.982 1.001 1.021 1.041 1.061 1.081 1.101 1.121 1.140 1.160 1.180 1.200 1.220 1.240 1.260 1.280 1.300 1.320 1.340 1.360 1.380 1.400 1.420 1.440
0.241 0.258 0.275 0.292 0.309 0.325 0.342 0.359 0.376 0.393 0.410 0.427 0.445 0.463 0.480 0.499 0.517 0.536 0.554 0.573 0.592 0.611 0.630 0.649 0.668 0.688 0.707 0.726 0.746 0.765 0.785 0.804 0.824 0.844 0.863 0.883 0.903 0.922 0.942 0.962 0.982 1.001 1.021 1.041 1.061 1.081 1.101 1.121 1.140 1.160 1.180 1.200 1.220 1.240 1.260 1.280 1.300 1.320 1.340 1.360 1.380 1.400 1.420 1.440
0.247 0.264 0.281 0.298 0.314 0.331 0.347 0.363 0.379 0.396 0.413 0.430 0.447 0.464 0.482 0.500 0.518 0.537 0.555 0.574 0.593 0.612 0.631 0.650 0.669 0.688 0.707 0.727 0.746 0.766 0.785 0.805 0.824 0.844 0.863 0.883 0.903 0.922 0.942 0.962 0.982 1.002 1.021 1.041 1.061 1.081 1.101 1.121 1.140 1.160 1.180 1.200 1.220 1.240 1.260 1.280 1.300 1.320 1.340 1.360 1.380 1.400 1.420 1.440
0.254 0.271 0.288 0.304 0.320 0.336 0.352 0.368 0.384 0.400 0.416 0.433 0.449 0.467 0.484 0.502 0.520 0.538 0.556 0.575 0.594 0.612 0.631 0.650 0.669 0.689 0.708 0.727 0.746 0.766 0.785 0.805 0.824 0.844 0.864 0.883 0.903 0.923 0.942 0.962 0.982 1.002 1.021 1.041 1.061 1.081 1.101 1.121 1.140 1.160 1.180 1.200 1.220 1.240 1.260 1.280 1.300 1.320 1.340 1.360 1.380 1.400 1.420 1.440
0.261 0.278 0.295 0.311 0.327 0.343 0.358 0.373 0.388 0.404 0.420 0.436 0.452 0.469 0.486 0.504 0.521 0.539 0.558 0.576 0.595 0.613 0.632 0.651 0.670 0.689 0.708 0.728 0.747 0.766 0.786 0.805 0.825 0.844 0.864 0.883 0.903 0.923 0.942 0.962 0.982 1.002 1.021 1.041 1.061 1.081 1.101 1.121 1.140 1.160 1.180 1.200 1.220 1.240 1.260 1.280 1.300 1.320 1.340 1.360 1.380 1.400 1.420 1.440
0.268 0.286 0.303 0.319 0.335 0.350 0.365 0.379 0.394 0.408 0.423 0.439 0.455 0.471 0.488 0.505 0.523 0.541 0.559 0.577 0.596 0.614 0.633 0.652 0.671 0.690 0.709 0.728 0.747 0.766 0.786 0.805 0.825 0.844 0.864 0.883 0.903 0.923 0.942 0.962 0.982 1.002 1.021 1.041 1.061 1.081 1.101 1.121 1.140 1.160 1.180 1.200 1.220 1.240 1.260 1.280 1.300 1.320 1.340 1.360 1.380 1.400 1.420 1.440
0.277 0.294 0.311 0.328 0.343 0.358 0.372 0.386 0.400 0.413 0.428 0.442 0.458 0.474 0.490 0.507 0.525 0.542 0.560 0.578 0.596 0.615 0.634 0.652 0.671 0.690 0.709 0.728 0.748 0.767 0.786 0.806 0.825 0.845 0.864 0.884 0.903 0.923 0.943 0.962 0.982 1.002 1.022 1.041 1.061 1.081 1.101 1.121 1.140 1.160 1.180 1.200 1.220 1.240 1.260 1.280 1.300 1.320 1.340 1.360 1.380 1.400 1.420 1.440
0.287 0.304 0.320 0.337 0.353 0.368 0.381 0.394 0.406 0.419 0.432 0.446 0.461 0.476 0.492 0.509 0.526 0.544 0.561 0.579 0.598 0.616 0.634 0.653 0.672 0.691 0.710 0.729 0.748 0.767 0.786 0.806 0.825 0.845 0.864 0.884 0.903 0.923 0.943 0.962 0.982 1.002 1.022 1.041 1.061 1.081 1.101 1.121 1.140 1.160 1.180 1.200 1.220 1.240 1.260 1.280 1.300 1.320 1.340 1.360 1.380 1.400 1.420 1.440
0.302 0.317 0.328 0.345 0.366 0.381 0.393 0.403 0.413 0.425 0.437 0.450 0.464 0.479 0.495 0.511 0.528 0.545 0.563 0.581 0.599 0.617 0.635 0.654 0.672 0.691 0.710 0.729 0.748 0.767 0.787 0.806 0.825 0.845 0.864 0.884 0.903 0.923 0.943 0.962 0.982 1.002 1.022 1.041 1.061 1.081 1.101 1.121 1.141 1.160 1.180 1.200 1.220 1.240 1.260 1.280 1.300 1.320 1.340 1.360 1.380 1.400 1.420 1.440
5.307 5.325 0.331 0.356 0.390 0.400 0.406 0.413 0.421 0.431 0.442 0.454 0.467 0.482 0.497 0.513 0.530 0.547 0.564 0.582 0.600 0.618 0.636 0.655 0.673 0.692 0.711 0.730 0.749 0.768 0.787 0.806 0.826 0.845 0.865 0.884 0.904 0.923 0.943 0.963 0.982 1.002 1.022 1.041 1.061 1.081 1.101 1.121 1.141 1.160 1.180 1.200 1.220 1.240 1.260 1.280 1.300 1.320 1.340 1.360 1.380 1.400 1.420 1.440
5.305 5.325 5.350 5.373 5.393 5.413 0.422 0.424 0.429 0.437 0.446 0.458 0.470 0.484 0.499 0.515 0.531 0.548 0.565 0.583 0.601 0.619 0.637 0.655 0.674 0.692 0.711 0.730 0.749 0.768 0.787 0.807 0.826 0.845 0.865 0.884 0.904 0.923 0.943 0.963 0.982 1.002 1.022 1.041 1.061 1.081 1.101 1.121 1.141 1.160 1.180 1.200 1.220 1.240 1.260 1.280 1.300 1.320 1.340 1.360 1.380 1.400 1.420 1.440
5.304 5.326 5.349 5.371 5.391 5.414 5.433 0.437 0.437 0.443 0.451 0.461 0.473 0.487 0.502 0.517 0.533 0.550 0.567 0.584 0.602 0.620 0.638 0.656 0.674 0.693 0.712 0.731 0.750 0.769 0.788 0.807 0.826 0.846 0.865 0.884 0.904 0.923 0.943 0.963 0.982 1.002 1.022 1.041 1.061 1.081 1.101 1.121 1.141 1.160 1.180 1.200 1.220 1.240 1.260 1.280 1.300 1.320 1.340 1.360 1.380 1.400 1.420 1.440
5.302 5.323 5.345 5.367 5.388 5.409 5.430 5.448 0.451 0.449 0.455 0.465 0.476 0.489 0.504 0.519 0.535 0.551 0.568 0.585 0.603 0.621 0.639 0.657 0.675 0.694 0.712 0.731 0.750 0.769 0.788 0.807 0.826 0.846 0.865 0.884 0.904 0.924 0.943 0.963 0.982 1.002 1.022 1.042 1.061 1.081 1.101 1.121 1.141 1.160 1.180 1.200 1.220 1.240 1.260 1.280 1.300 1.320 1.340 1.360 1.380 1.400 1.420 1.440
5.298 5.319 5.340 5.362 5.383 5.403 5.423 5.442 5.459 0.462 0.461 0.468 0.479 0.491 0.506 0.521 0.537 0.553 0.570 0.587 0.604 0.622 0.640 0.658 0.676 0.694 0.713 0.732 0.750 0.769 0.788 0.807 0.827 0.846 0.865 0.885 0.904 0.924 0.943 0.963 0.982 1.002 1.022 1.042 1.061 1.081 1.101 1.121 1.141 1.160 1.180 1.200 1.220 1.240 1.260 1.280 1.300 1.320 1.340 1.360 1.380 1.400 1.420 1.440
5.293 5.313 5.334 5.356 5.377 5.397 5.416 5.435 5.453 5.470 0.473 0.472 0.481 0.493 0.507 0.522 0.538 0.554 0.571 0.588 0.605 0.623 0.641 0.658 0.677 0.695 0.713 0.732 0.751 0.770 0.789 0.808 0.827 0.846 0.865 0.885 0.904 0.924 0.943 0.963 0.982 1.002 1.022 1.042 1.061 1.081 1.101 1.121 1.141 1.160 1.180 1.200 1.220 1.240 1.260 1.280 1.300 1.320 1.340 1.360 1.380 1.400 1.420 1.440
5.287 5.307 5.328 5.349 5.370 5.390 5.410 5.428 5.447 5.464 5.481 0.484 0.485 0.496 0.509 0.524 0.540 0.556 0.572 0.589 0.606 0.624 0.641 0.659 0.677 0.696 0.714 0.733 0.751 0.770 0.789 0.808 0.827 0.846 0.866 0.885 0.904 0.924 0.943 0.963 0.982 1.002 1.022 1.042 1.061 1.081 1.101 1.121 1.141 1.160 1.180 1.200 1.220 1.240 1.260 1.280 1.300 1.320 1.340 1.360 1.380 1.400 1.420 1.440
5.279 5.299 5.319 5.341 5.362 5.383 5.403 5.422 5.441 5.459 5.476 5.493 0.496 0.499 0.511 0.526 0.541 0.557 0.574 0.590 0.607 0.625 0.642 0.660 0.678 0.696 0.715 0.733 0.752 0.770 0.789 0.808 0.827 0.846 0.866 0.885 0.904 0.924 0.943 0.963 0.983 1.002 1.022 1.042 1.061 1.081 1.101 1.121 1.141 1.160 1.180 1.200 1.220 1.240 1.260 1.280 1.300 1.320 1.340 1.360 1.380 1.400 1.420 1.440
