Test 3 - Meandering channel/Flood Modeller/Q1000_depth.1.00.asc
ncols         450
nrows         200
xllcorner     500
yllcorner     500
cellsize      20
NODATA_value  -9999
[rows 56 to 83 of 200, columns 384 to 447 of 450]
5.269 5.288 5.310 5.332 5.354 5.376 5.396 5.416 5.435 5.454 5.472 5.489 5.507 0.510 0.515 0.528 0.543 0.559 0.575 0.592 0.609 0.626 0.643 0.661 0.679 0.697 0.715 0.734 0.752 0.771 0.790 0.809 0.828 0.847 0.866 0.885 0.904 0.924 0.943 0.963 0.983 1.002 1.022 1.042 1.061 1.081 1.101 1.121 1.141 1.160 1.180 1.200 1.220 1.240 1.260 1.280 1.300 1.320 1.340 1.360 1.380 1.400 1.420 1.440
5.252 5.274 5.299 5.324 5.347 5.369 5.391 5.411 5.430 5.449 5.468 5.486 5.503 5.521 0.525 0.531 0.545 0.560 0.576 0.593 0.610 0.627 0.644 0.662 0.680 0.698 0.716 0.734 0.753 0.771 0.790 0.809 0.828 0.847 0.866 0.885 0.905 0.924 0.943 0.963 0.983 1.002 1.022 1.042 1.061 1.081 1.101 1.121 1.141 1.160 1.180 1.200 1.220 1.240 1.260 1.280 1.300 1.320 1.340 1.360 1.380 1.400 1.420 1.440
0.228 5.266 5.295 5.319 5.342 5.364 5.386 5.406 5.426 5.445 5.464 5.483 5.501 5.518 5.536 0.542 0.548 0.562 0.578 0.594 0.611 0.628 0.645 0.663 0.681 0.698 0.716 0.735 0.753 0.772 0.790 0.809 0.828 0.847 0.866 0.885 0.905 0.924 0.943 0.963 0.983 1.002 1.022 1.042 1.061 1.081 1.101 1.121 1.140 1.160 1.180 1.200 1.220 1.240 1.260 1.280 1.300 1.320 1.340 1.360 1.380 1.400 6.420 6.440
0.242 0.265 5.292 5.316 5.339 5.361 5.382 5.403 5.423 5.442 5.461 5.480 5.498 5.516 5.534 5.552 0.559 0.566 0.580 0.596 0.612 0.629 0.646 0.664 0.681 0.699 0.717 0.735 0.754 0.772 0.791 0.809 0.828 0.847 0.866 0.885 0.905 0.924 0.943 0.963 0.983 1.002 1.022 1.042 1.061 1.081 1.101 1.121 1.140 1.160 1.180 1.200 1.220 1.240 1.260 1.280 1.300 1.320 1.340 1.360 6.380 6.400 6.420 6.440
0.247 0.266 0.292 5.315 5.337 5.359 5.380 5.400 5.420 5.439 5.459 5.477 5.496 5.514 5.532 5.550 5.569 0.576 0.584 0.598 0.614 0.630 0.648 0.665 0.682 0.700 0.718 0.736 0.754 0.772 0.791 0.809 0.828 0.847 0.866 0.885 0.905 0.924 0.943 0.963 0.983 1.002 1.022 1.041 1.061 1.081 1.101 1.121 1.140 1.160 1.180 1.200 1.220 1.240 1.260 1.280 1.300 1.320 1.340 6.360 6.380 6.400 6.420 6.440
0.248 0.267 0.287 0.315 5.336 5.357 5.378 5.398 5.418 5.437 5.456 5.475 5.494 5.512 5.530 5.549 5.567 5.585 0.593 0.601 0.616 0.632 0.649 0.666 0.683 0.701 0.718 0.736 0.754 0.773 0.791 0.810 0.828 0.847 0.866 0.885 0.905 0.924 0.943 0.963 0.982 1.002 1.022 1.041 1.061 1.081 1.101 1.121 1.140 1.160 1.180 1.200 1.220 1.240 1.260 1.280 1.300 6.320 6.340 6.360 6.380 6.400 6.420 6.440
0.247 0.266 0.286 0.307 0.336 5.356 5.377 5.396 5.416 5.435 5.455 5.473 5.492 5.510 5.529 5.547 5.565 5.584 5.602 0.611 0.620 0.634 0.650 0.667 0.684 0.702 0.719 0.737 0.755 0.773 0.791 0.810 0.829 0.847 0.866 0.885 0.905 0.924 0.943 0.963 0.982 1.002 1.022 1.041 1.061 1.081 1.101 1.120 1.140 1.160 1.180 1.200 1.220 1.240 1.260 1.280 6.300 6.320 6.340 6.360 6.380 6.400 6.420 6.440
0.246 0.266 0.285 0.306 0.327 0.356 5.376 5.395 5.415 5.434 5.453 5.472 5.490 5.509 5.527 5.546 5.564 5.582 5.601 5.619 0.629 0.638 0.652 0.668 0.685 0.702 0.720 0.737 0.755 0.773 0.792 0.810 0.829 0.847 0.866 0.885 0.905 0.924 0.943 0.963 0.982 1.002 1.022 1.041 1.061 1.081 1.101 1.120 1.140 1.160 1.180 1.200 1.220 1.240 1.260 6.280 6.300 6.320 6.340 6.360 6.380 6.400 6.420 6.440
0.245 0.265 0.285 0.304 0.325 0.346 0.375 5.394 5.413 5.433 5.451 5.470 5.489 5.507 5.526 5.544 5.563 5.581 5.599 5.618 5.636 0.646 0.656 0.670 0.686 0.703 0.721 0.738 0.756 0.774 0.792 0.810 0.829 0.847 0.866 0.885 0.905 0.924 0.943 0.963 0.982 1.002 1.022 1.041 1.061 1.081 1.101 1.120 1.140 1.160 1.180 1.200 1.220 1.240 6.260 6.280 6.300 6.320 6.340 6.360 6.380 6.400 6.420 6.440
0.244 0.264 0.283 0.303 0.323 0.343 0.365 0.394 5.413 5.431 5.450 5.469 5.488 5.506 5.525 5.543 5.561 5.580 5.598 5.616 5.635 5.654 0.664 0.674 0.688 0.705 0.721 0.739 0.756 0.774 0.792 0.810 0.829 0.847 0.866 0.885 0.904 0.924 0.943 0.963 0.982 1.002 1.021 1.041 1.061 1.081 1.100 1.120 1.140 1.160 1.180 1.200 1.220 6.240 6.260 6.280 6.300 6.320 6.340 6.360 6.380 6.400 6.420 6.440
0.242 0.262 0.282 0.302 0.322 0.341 0.362 0.383 0.412 5.430 5.449 5.468 5.486 5.505 5.523 5.542 5.560 5.579 5.597 5.615 5.634 5.652 5.671 0.682 0.692 0.706 0.723 0.739 0.757 0.774 0.792 0.810 0.829 0.847 0.866 0.885 0.904 0.924 0.943 0.962 0.982 1.002 1.021 1.041 1.061 1.080 1.100 1.120 1.140 1.160 1.180 6.200 6.220 6.240 6.260 6.280 6.300 6.320 6.340 6.360 6.380 6.400 6.420 6.440
0.241 0.261 0.280 0.300 0.320 0.340 0.360 0.380 0.401 0.429 5.448 5.466 5.485 5.504 5.522 5.541 5.559 5.577 5.596 5.614 5.632 5.651 5.669 5.688 0.699 0.709 0.724 0.740 0.757 0.775 0.792 0.810 0.829 0.847 0.866 0.885 0.904 0.923 0.943 0.962 0.982 1.002 1.021 1.041 1.061 1.080 1.100 1.120 1.140 1.160 6.180 6.200 6.220 6.240 6.260 6.280 6.300 6.320 6.340 6.360 6.380 6.400 6.420 6.440
0.239 0.259 0.279 0.299 0.318 0.338 0.358 0.378 0.398 0.419 0.447 5.465 5.484 5.502 5.521 5.539 5.558 5.576 5.595 5.613 5.631 5.650 5.668 5.686 5.705 0.716 0.727 0.742 0.758 0.775 0.792 0.810 0.828 0.847 0.866 0.885 0.904 0.923 0.943 0.962 0.982 1.001 1.021 1.041 1.060 1.080 1.100 1.119 1.139 1.160 6.180 6.200 6.220 6.240 6.260 6.280 6.300 6.320 6.340 6.360 6.380 6.400 6.420 6.440
0.238 0.257 0.277 0.297 0.317 0.336 0.356 0.376 0.396 0.416 0.436 0.464 5.482 5.501 5.520 5.538 5.557 5.575 5.594 5.612 5.630 5.648 5.667 5.685 5.703 5.721 0.734 0.744 0.759 0.775 0.792 0.810 0.828 0.846 0.865 0.884 0.903 0.923 0.942 0.962 0.982 1.001 1.021 1.041 1.060 1.080 1.099 1.119 1.140 6.160 6.180 6.200 6.220 6.240 6.260 6.280 6.300 6.320 6.340 6.360 6.380 6.400 6.420 6.440
0.236 0.256 0.275 0.295 0.315 0.335 0.354 0.374 0.394 0.414 0.433 0.454 0.481 5.500 5.518 5.537 5.556 5.574 5.593 5.611 5.629 5.648 5.666 5.684 5.701 5.720 5.738 0.750 0.761 0.776 0.792 0.809 0.827 0.846 0.865 0.884 0.903 0.923 0.942 0.962 0.982 1.001 1.021 1.040 1.060 1.079 1.098 1.119 6.140 6.160 6.180 6.200 6.220 6.240 6.260 6.280 6.300 6.320 6.340 6.360 6.380 6.400 6.420 6.440
0.234 0.254 0.274 0.294 0.313 0.333 0.353 0.372 0.392 0.412 0.432 0.451 0.472 0.499 5.517 5.536 5.555 5.573 5.592 5.610 5.629 5.647 5.665 5.683 5.700 5.718 5.735 5.753 0.766 0.777 0.792 0.808 0.826 0.845 0.864 0.883 0.902 0.922 0.942 0.962 0.982 1.001 1.021 1.040 1.059 1.077 1.099 6.120 6.139 6.160 6.180 6.193 6.220 6.240 6.260 6.280 6.300 6.320 6.340 6.360 6.380 1.400 6.420 6.440
0.233 0.252 0.272 0.292 0.312 0.331 0.351 0.371 0.391 0.410 0.430 0.449 0.469 0.490 0.516 5.535 5.554 5.572 5.591 5.610 5.628 5.646 5.664 5.682 5.699 5.716 5.733 5.750 5.766 0.781 0.789 0.805 0.825 0.845 0.864 0.882 0.901 0.921 0.942 0.962 0.982 1.001 1.022 1.041 1.057 1.077 6.100 6.119 6.140 6.160 6.179 6.199 6.220 6.240 6.260 6.280 6.300 6.320 6.340 6.360 1.380 1.400 1.420 6.440
0.231 0.251 0.271 0.290 0.310 0.330 0.350 0.369 0.389 0.409 0.428 0.448 0.468 0.487 0.508 0.534 5.552 5.571 5.590 5.609 5.627 5.646 5.664 5.682 5.699 5.716 5.732 5.747 5.762 5.769 0.744 0.792 0.821 0.848 0.863 0.877 0.895 0.917 0.945 0.964 0.979 0.999 6.022 6.041 6.061 6.079 6.099 6.120 6.140 6.160 6.180 6.198 6.220 6.240 6.260 6.280 6.300 6.320 6.340 1.360 1.380 1.400 1.420 1.440
0.230 0.249 0.269 0.289 0.309 0.328 0.348 0.368 0.387 0.407 0.427 0.446 0.466 0.486 0.505 0.526 0.551 5.570 5.589 5.608 5.627 5.646 5.664 5.682 5.699 5.716 5.732 5.747 5.759 5.763 5.785 5.809 5.835 5.850 0.854 0.856 0.894 5.926 5.944 5.963 5.982 6.000 6.020 6.042 6.062 6.081 6.100 6.120 6.141 6.160 6.180 6.200 6.220 6.240 6.260 6.280 6.300 6.320 1.340 1.360 1.380 1.400 1.420 1.440
0.228 0.248 0.268 0.287 0.307 0.327 0.347 0.366 0.386 0.406 0.425 0.445 0.465 0.484 0.504 0.524 0.544 0.569 5.588 5.608 5.627 5.645 5.664 5.682 5.700 5.717 5.734 5.749 5.762 5.778 5.800 5.818 5.835 5.850 5.870 5.895 5.907 5.924 5.944 5.963 5.983 6.002 6.022 6.042 6.062 6.082 6.102 6.122 6.142 6.162 6.181 6.200 6.220 6.240 6.260 6.280 6.300 1.320 1.340 1.360 1.380 1.400 1.420 1.440
0.227 0.246 0.266 0.286 0.306 0.325 0.345 0.365 0.385 0.404 0.424 0.444 0.463 0.483 0.503 0.523 0.542 0.563 0.588 5.607 5.626 5.645 5.664 5.683 5.701 5.719 5.736 5.752 5.767 5.785 5.803 5.821 5.838 5.855 5.875 5.894 5.910 5.927 5.946 5.965 5.984 6.004 6.024 6.044 6.064 6.084 6.104 6.124 6.144 6.163 6.182 6.201 6.220 6.240 6.260 6.280 1.300 1.320 1.340 1.360 1.380 1.400 1.420 1.440
0.225 0.245 0.265 0.285 0.304 0.324 0.344 0.364 0.383 0.403 0.423 0.443 0.462 0.482 0.502 0.521 0.541 0.561 0.582 0.606 5.626 5.645 5.665 5.684 5.702 5.720 5.738 5.755 5.772 5.790 5.807 5.824 5.842 5.860 5.878 5.896 5.913 5.931 5.950 5.969 5.988 6.007 6.027 6.047 6.066 6.086 6.106 6.126 6.146 6.166 6.185 6.202 6.220 6.240 6.260 1.280 1.300 1.320 1.340 1.360 1.380 1.400 1.420 1.440
0.224 0.244 0.263 0.283 0.303 0.323 0.343 0.362 0.382 0.402 0.422 0.441 0.461 0.481 0.501 0.521 0.540 0.560 0.580 0.601 0.625 5.645 5.665 5.684 5.703 5.722 5.740 5.758 5.776 5.793 5.811 5.828 5.846 5.863 5.881 5.899 5.917 5.935 5.954 5.972 5.991 6.011 6.030 6.049 6.069 6.089 6.108 6.129 6.149 6.169 6.187 6.205 6.220 6.240 1.260 1.280 1.300 1.320 1.340 1.360 1.380 1.400 1.420 1.440
0.222 0.242 0.262 0.282 0.302 0.322 0.341 0.361 0.381 0.401 0.421 0.440 0.460 0.480 0.500 0.520 0.539 0.559 0.579 0.599 0.620 0.644 5.664 5.685 5.704 5.724 5.743 5.761 5.779 5.797 5.814 5.832 5.849 5.867 5.885 5.903 5.921 5.939 5.957 5.976 5.995 6.014 6.033 6.052 6.072 6.091 6.110 6.131 6.152 6.172 6.192 6.208 6.220 1.240 1.260 1.280 1.300 1.320 1.340 1.360 1.380 1.400 1.420 1.440
0.221 0.241 0.261 0.281 0.300 0.320 0.340 0.360 0.380 0.400 0.419 0.439 0.459 0.479 0.499 0.519 0.539 0.558 0.578 0.598 0.619 0.640 0.664 5.685 5.705 5.725 5.745 5.764 5.782 5.800 5.817 5.835 5.852 5.870 5.888 5.906 5.924 5.943 5.961 5.980 5.999 6.017 6.035 6.055 6.074 6.093 6.112 6.132 6.154 6.175 6.197 6.216 1.220 1.240 1.260 1.280 1.300 1.320 1.340 1.360 1.380 1.400 1.420 1.440
0.220 0.240 0.260 0.279 0.299 0.319 0.339 0.359 0.379 0.398 0.418 0.438 0.458 0.478 0.498 0.518 0.538 0.558 0.578 0.598 0.618 0.638 0.660 0.685 5.705 5.726 5.746 5.766 5.784 5.803 5.820 5.837 5.855 5.873 5.891 5.910 5.928 5.946 5.964 5.983 6.002 6.020 6.037 6.056 6.077 6.096 6.111 6.131 6.154 6.179 6.197 1.215 1.220 1.240 1.260 1.280 1.300 1.320 1.340 1.360 1.380 1.400 1.420 1.440
0.219 0.238 0.258 0.278 0.298 0.318 0.338 0.358 0.378 0.397 0.417 0.437 0.457 0.477 0.497 0.517 0.537 0.557 0.577 0.597 0.617 0.637 0.658 0.680 0.706 5.726 5.747 5.767 5.786 5.805 5.822 5.839 5.856 5.874 5.893 5.913 5.931 5.948 5.966 5.985 6.006 6.024 6.038 6.056 6.077 6.103 6.116 1.124 1.153 1.178 1.194 1.208 1.220 1.240 1.260 1.280 1.300 1.320 1.340 1.360 1.380 1.400 1.420 1.440
0.217 0.237 0.257 0.277 0.297 0.317 0.337 0.357 0.376 0.396 0.416 0.436 0.456 0.476 0.496 0.516 0.536 0.556 0.576 0.596 0.616 0.637 0.657 0.678 0.701 0.727 5.747 5.768 5.788 5.806 5.823 5.840 5.856 5.874 5.895 5.916 5.935 5.951 5.967 5.986 6.006 6.033 6.044 1.048 1.077 1.101 1.116 1.131 1.150 1.170 1.188 1.204 1.220 1.240 1.260 1.280 1.300 1.320 1.340 1.360 1.380 1.400 1.420 1.440
