Test 3 - Meandering channel/Flood Modeller/Q1000_depth.1.00.asc
ncols         450
nrows         200
xllcorner     500
yllcorner     500
cellsize      20
NODATA_value  -9999
[rows 112 to 139 of 200, columns 384 to 447 of 450]
0.189 0.209 0.229 0.249 0.269 0.289 0.308 0.328 0.348 0.368 0.388 0.408 0.428 0.448 0.467 0.487 0.507 0.527 0.547 0.567 0.586 0.606 0.626 0.646 0.666 0.685 0.705 0.725 0.745 0.765 0.784 0.804 0.824 0.844 0.863 0.883 0.903 0.923 0.943 0.962 0.982 1.002 1.022 1.042 1.061 1.081 1.101 1.121 1.141 1.161 1.180 1.200 1.220 1.240 1.260 1.280 1.300 1.320 6.340 6.360 6.380 6.400 6.420 6.440
0.188 0.208 0.228 0.248 0.268 0.288 0.308 0.328 0.348 0.368 0.387 0.407 0.427 0.447 0.467 0.487 0.507 0.526 0.546 0.566 0.586 0.606 0.626 0.645 0.665 0.685 0.705 0.725 0.744 0.764 0.784 0.804 0.824 0.843 0.863 0.883 0.903 0.923 0.942 0.962 0.982 1.002 1.022 1.041 1.061 1.081 1.101 1.121 1.141 1.160 1.180 1.200 1.220 1.240 1.260 1.280 1.300 1.320 6.340 6.360 6.380 6.400 6.420 6.440
0.188 0.208 0.228 0.248 0.268 0.287 0.307 0.327 0.347 0.367 0.387 0.407 0.427 0.447 0.466 0.486 0.506 0.526 0.546 0.566 0.586 0.605 0.625 0.645 0.665 0.685 0.704 0.724 0.744 0.764 0.784 0.804 0.823 0.843 0.863 0.883 0.903 0.922 0.942 0.962 0.982 1.002 1.022 1.041 1.061 1.081 1.101 1.121 1.141 1.160 1.180 1.200 1.220 1.240 1.260 1.280 1.300 1.320 6.340 6.360 6.380 6.400 6.420 6.440
0.187 0.207 0.227 0.247 0.267 0.287 0.307 0.327 0.347 0.367 0.386 0.406 0.426 0.446 0.466 0.486 0.506 0.526 0.545 0.565 0.585 0.605 0.625 0.645 0.664 0.684 0.704 0.724 0.744 0.764 0.783 0.803 0.823 0.843 0.863 0.883 0.902 0.922 0.942 0.962 0.982 1.002 1.021 1.041 1.061 1.081 1.101 1.121 1.141 1.160 1.180 1.200 1.220 1.240 1.260 1.280 1.300 1.320 6.340 6.360 6.380 6.400 6.420 6.440
0.187 0.207 0.227 0.247 0.267 0.287 0.306 0.326 0.346 0.366 0.386 0.406 0.426 0.446 0.466 0.485 0.505 0.525 0.545 0.565 0.585 0.605 0.624 0.644 0.664 0.684 0.704 0.724 0.744 0.763 0.783 0.803 0.823 0.843 0.863 0.882 0.902 0.922 0.942 0.962 0.982 1.001 1.021 1.041 1.061 1.081 1.101 1.121 1.141 1.160 1.180 1.200 1.220 1.240 1.260 1.280 1.300 1.320 6.340 6.360 6.380 6.400 6.420 6.440
0.186 0.206 0.226 0.246 0.266 0.286 0.306 0.326 0.346 0.366 0.386 0.406 0.425 0.445 0.465 0.485 0.505 0.525 0.545 0.565 0.584 0.604 0.624 0.644 0.664 0.684 0.704 0.723 0.743 0.763 0.783 0.803 0.823 0.842 0.862 0.882 0.902 0.922 0.942 0.962 0.981 1.001 1.021 1.041 1.061 1.081 1.101 1.121 1.140 1.160 1.180 1.200 1.220 1.240 1.260 1.280 1.300 1.320 6.340 6.360 6.380 6.400 6.420 6.440
0.186 0.206 0.226 0.246 0.266 0.286 0.306 0.326 0.345 0.365 0.385 0.405 0.425 0.445 0.465 0.485 0.505 0.524 0.544 0.564 0.584 0.604 0.624 0.644 0.664 0.683 0.703 0.723 0.743 0.763 0.783 0.803 0.822 0.842 0.862 0.882 0.902 0.922 0.942 0.961 0.981 1.001 1.021 1.041 1.061 1.081 1.101 1.121 1.140 1.160 1.180 1.200 1.220 1.240 1.260 1.280 1.300 1.320 1.340 6.360 6.380 6.400 6.420 6.440
0.186 0.206 0.225 0.245 0.265 0.285 0.305 0.325 0.345 0.365 0.385 0.405 0.425 0.445 0.464 0.484 0.504 0.524 0.544 0.564 0.584 0.604 0.624 0.643 0.663 0.683 0.703 0.723 0.743 0.763 0.783 0.802 0.822 0.842 0.862 0.882 0.902 0.922 0.941 0.961 0.981 1.001 1.021 1.041 1.061 1.081 1.101 1.120 1.140 1.160 1.180 1.200 1.220 1.240 1.260 1.280 1.300 1.320 1.340 1.360 6.380 6.400 6.420 6.440
0.185 0.205 0.225 0.245 0.265 0.285 0.305 0.325 0.345 0.365 0.385 0.404 0.424 0.444 0.464 0.484 0.504 0.524 0.544 0.564 0.584 0.603 0.623 0.643 0.663 0.683 0.703 0.723 0.743 0.762 0.782 0.802 0.822 0.842 0.862 0.882 0.902 0.921 0.941 0.961 0.981 1.001 1.021 1.041 1.061 1.081 1.101 1.120 1.140 1.160 1.180 1.200 1.220 1.240 1.260 1.280 1.300 1.320 1.340 1.360 1.380 1.400 1.420 1.440
0.185 0.205 0.225 0.245 0.265 0.285 0.305 0.324 0.344 0.364 0.384 0.404 0.424 0.444 0.464 0.484 0.504 0.524 0.543 0.563 0.583 0.603 0.623 0.643 0.663 0.683 0.703 0.723 0.742 0.762 0.782 0.802 0.822 0.842 0.862 0.882 0.901 0.921 0.941 0.961 0.981 1.001 1.021 1.041 1.061 1.081 1.101 1.120 1.140 1.160 1.180 1.200 1.220 1.240 1.260 1.280 1.300 1.320 1.340 1.360 1.380 1.400 1.420 1.440
0.185 0.204 0.224 0.244 0.264 0.284 0.304 0.324 0.344 0.364 0.384 0.404 0.424 0.444 0.464 0.484 0.503 0.523 0.543 0.563 0.583 0.603 0.623 0.643 0.663 0.683 0.702 0.722 0.742 0.762 0.782 0.802 0.822 0.842 0.862 0.881 0.901 0.921 0.941 0.961 0.981 1.001 1.021 1.041 1.061 1.081 1.100 1.120 1.140 1.160 1.180 1.200 1.220 1.240 1.260 1.280 1.300 1.320 1.340 1.360 1.380 1.400 1.420 1.440
0.184 0.204 0.224 0.244 0.264 0.284 0.304 0.324 0.344 0.364 0.384 0.404 0.424 0.443 0.463 0.483 0.503 0.523 0.543 0.563 0.583 0.603 0.623 0.643 0.662 0.682 0.702 0.722 0.742 0.762 0.782 0.802 0.822 0.842 0.861 0.881 0.901 0.921 0.941 0.961 0.981 1.001 1.021 1.041 1.061 1.081 1.100 1.120 1.140 1.160 1.180 1.200 1.220 1.240 1.260 1.280 1.300 1.320 1.340 1.360 1.380 1.400 1.420 1.440
0.184 0.204 0.224 0.244 0.264 0.284 0.304 0.324 0.344 0.363 0.383 0.403 0.423 0.443 0.463 0.483 0.503 0.523 0.543 0.563 0.583 0.603 0.622 0.642 0.662 0.682 0.702 0.722 0.742 0.762 0.782 0.802 0.822 0.841 0.861 0.881 0.901 0.921 0.941 0.961 0.981 1.001 1.021 1.041 1.061 1.080 1.100 1.120 1.140 1.160 1.180 1.200 1.220 1.240 1.260 1.280 1.300 1.320 1.340 1.360 1.380 1.400 1.420 1.440
0.184 0.204 0.224 0.244 0.264 0.283 0.303 0.323 0.343 0.363 0.383 0.403 0.423 0.443 0.463 0.483 0.503 0.523 0.543 0.563 0.582 0.602 0.622 0.642 0.662 0.682 0.702 0.722 0.742 0.762 0.782 0.802 0.821 0.841 0.861 0.881 0.901 0.921 0.941 0.961 0.981 1.001 1.021 1.041 1.060 1.080 1.100 1.120 1.140 1.160 1.180 1.200 1.220 1.240 1.260 1.280 1.300 1.320 1.340 1.360 1.380 1.400 1.420 1.440
0.183 0.203 0.223 0.243 0.263 0.283 0.303 0.323 0.343 0.363 0.383 0.403 0.423 0.443 0.463 0.483 0.503 0.522 0.542 0.562 0.582 0.602 0.622 0.642 0.662 0.682 0.702 0.722 0.742 0.762 0.781 0.801 0.821 0.841 0.861 0.881 0.901 0.921 0.941 0.961 0.981 1.001 1.021 1.041 1.060 1.080 1.100 1.120 1.140 1.160 1.180 1.200 1.220 1.240 1.260 1.280 1.300 1.320 1.340 1.360 1.380 1.400 1.420 1.440
0.183 0.203 0.223 0.243 0.263 0.283 0.303 0.323 0.343 0.363 0.383 0.403 0.423 0.443 0.462 0.482 0.502 0.522 0.542 0.562 0.582 0.602 0.622 0.642 0.662 0.682 0.702 0.722 0.742 0.761 0.781 0.801 0.821 0.841 0.861 0.881 0.901 0.921 0.941 0.961 0.981 1.001 1.021 1.040 1.060 1.080 1.100 1.120 1.140 1.160 1.180 1.200 1.220 1.240 1.260 1.280 1.300 1.320 1.340 1.360 1.380 1.400 1.420 1.440
0.183 0.203 0.223 0.243 0.263 0.283 0.303 0.323 0.343 0.363 0.383 0.402 0.422 0.442 0.462 0.482 0.502 0.522 0.542 0.562 0.582 0.602 0.622 0.642 0.662 0.682 0.702 0.721 0.741 0.761 0.781 0.801 0.821 0.841 0.861 0.881 0.901 0.921 0.941 0.961 0.981 1.001 1.021 1.040 1.060 1.080 1.100 1.120 1.140 1.160 1.180 1.200 1.220 1.240 1.260 1.280 1.300 1.320 1.340 1.360 1.380 1.400 1.420 1.440
0.183 0.203 0.223 0.243 0.263 0.283 0.303 0.322 0.342 0.362 0.382 0.402 0.422 0.442 0.462 0.482 0.502 0.522 0.542 0.562 0.582 0.602 0.622 0.642 0.662 0.681 0.701 0.721 0.741 0.761 0.781 0.801 0.821 0.841 0.861 0.881 0.901 0.921 0.941 0.961 0.981 1.001 1.020 1.040 1.060 1.080 1.100 1.120 1.140 1.160 1.180 1.200 1.220 1.240 1.260 1.280 1.300 1.320 1.340 1.360 1.380 1.400 1.420 1.440
0.183 0.203 0.222 0.242 0.262 0.282 0.302 0.322 0.342 0.362 0.382 0.402 0.422 0.442 0.462 0.482 0.502 0.522 0.542 0.562 0.582 0.602 0.622 0.642 0.661 0.681 0.701 0.721 0.741 0.761 0.781 0.801 0.821 0.841 0.861 0.881 0.901 0.921 0.941 0.961 0.981 1.000 1.020 1.040 1.060 1.080 1.100 1.120 1.140 1.160 1.180 1.200 1.220 1.240 1.260 1.280 1.300 1.320 1.340 1.360 1.380 1.400 1.420 1.440
0.182 0.202 0.222 0.242 0.262 0.282 0.302 0.322 0.342 0.362 0.382 0.402 0.422 0.442 0.462 0.482 0.502 0.522 0.542 0.562 0.582 0.601 0.621 0.641 0.661 0.681 0.701 0.721 0.741 0.761 0.781 0.801 0.821 0.841 0.861 0.881 0.901 0.921 0.941 0.961 0.980 1.000 1.020 1.040 1.060 1.080 1.100 1.120 1.140 1.160 1.180 1.200 1.220 1.240 1.260 1.280 1.300 1.320 1.340 1.360 1.380 1.400 1.420 1.440
0.182 0.202 0.222 0.242 0.262 0.282 0.302 0.322 0.342 0.362 0.382 0.402 0.422 0.442 0.462 0.482 0.502 0.522 0.542 0.561 0.581 0.601 0.621 0.641 0.661 0.681 0.701 0.721 0.741 0.761 0.781 0.801 0.821 0.841 0.861 0.881 0.901 0.921 0.941 0.960 0.980 1.000 1.020 1.040 1.060 1.080 1.100 1.120 1.140 1.160 1.180 1.200 1.220 1.240 1.260 1.280 1.300 1.320 1.340 1.360 1.380 1.400 1.420 1.440
0.182 0.202 0.222 0.242 0.262 0.282 0.302 0.322 0.342 0.362 0.382 0.402 0.422 0.442 0.462 0.482 0.502 0.521 0.541 0.561 0.581 0.601 0.621 0.641 0.661 0.681 0.701 0.721 0.741 0.761 0.781 0.801 0.821 0.841 0.861 0.881 0.901 0.921 0.941 0.960 0.980 1.000 1.020 1.040 1.060 1.080 1.100 1.120 1.140 1.160 1.180 1.200 1.220 1.240 1.260 1.280 1.300 1.320 1.340 1.360 1.380 1.400 1.420 1.440
0.182 0.202 0.222 0.242 0.262 0.282 0.302 0.322 0.342 0.362 0.382 0.402 0.422 0.442 0.461 0.481 0.501 0.521 0.541 0.561 0.581 0.601 0.621 0.641 0.661 0.681 0.701 0.721 0.741 0.761 0.781 0.801 0.821 0.841 0.861 0.881 0.901 0.921 0.940 0.960 0.980 1.000 1.020 1.040 1.060 1.080 1.100 1.120 1.140 1.160 1.180 1.200 1.220 1.240 1.260 1.280 1.300 1.320 1.340 1.360 1.380 1.400 1.420 1.440
0.182 0.202 0.222 0.242 0.262 0.282 0.302 0.322 0.342 0.362 0.382 0.401 0.421 0.441 0.461 0.481 0.501 0.521 0.541 0.561 0.581 0.601 0.621 0.641 0.661 0.681 0.701 0.721 0.741 0.761 0.781 0.801 0.821 0.841 0.861 0.881 0.901 0.920 0.940 0.960 0.980 1.000 1.020 1.040 1.060 1.080 1.100 1.120 1.140 1.160 1.180 1.200 1.220 1.240 1.260 1.280 1.300 1.320 1.340 1.360 1.380 1.400 1.420 1.440
0.182 0.202 0.222 0.242 0.262 0.282 0.302 0.321 0.341 0.361 0.381 0.401 0.421 0.441 0.461 0.481 0.501 0.521 0.541 0.561 0.581 0.601 0.621 0.641 0.661 0.681 0.701 0.721 0.741 0.761 0.781 0.801 0.821 0.841 0.861 0.881 0.900 0.920 0.940 0.960 0.980 1.000 1.020 1.040 1.060 1.080 1.100 1.120 1.140 1.160 1.180 1.200 1.220 1.240 1.260 1.280 1.300 1.320 1.340 1.360 1.380 1.400 1.420 1.440
0.182 0.201 0.221 0.241 0.261 0.281 0.301 0.321 0.341 0.361 0.381 0.401 0.421 0.441 0.461 0.481 0.501 0.521 0.541 0.561 0.581 0.601 0.621 0.641 0.661 0.681 0.701 0.721 0.741 0.761 0.781 0.801 0.821 0.841 0.860 0.880 0.900 0.920 0.940 0.960 0.980 1.000 1.020 1.040 1.060 1.080 1.100 1.120 1.140 1.160 1.180 1.200 1.220 1.240 1.260 1.280 1.300 1.320 1.340 1.360 1.380 1.400 1.420 1.440
0.181 0.201 0.221 0.241 0.261 0.281 0.301 0.321 0.341 0.361 0.381 0.401 0.421 0.441 0.461 0.481 0.501 0.521 0.541 0.561 0.581 0.601 0.621 0.641 0.661 0.681 0.701 0.721 0.741 0.761 0.781 0.801 0.821 0.840 0.860 0.880 0.900 0.920 0.940 0.960 0.980 1.000 1.020 1.040 1.060 1.080 1.100 1.120 1.140 1.160 1.180 1.200 1.220 1.240 1.260 1.280 1.300 1.320 1.340 1.360 1.380 1.400 1.420 1.440
0.181 0.201 0.221 0.241 0.261 0.281 0.301 0.321 0.341 0.361 0.381 0.401 0.421 0.441 0.461 0.481 0.501 0.521 0.541 0.561 0.581 0.601 0.621 0.641 0.661 0.681 0.701 0.721 0.741 0.761 0.781 0.801 0.820 0.840 0.860 0.880 0.900 0.920 0.940 0.960 0.980 1.000 1.020 1.040 1.060 1.080 1.100 1.120 1.140 1.160 1.180 1.200 1.220 1.240 1.260 1.280 1.300 1.320 1.340 1.360 1.380 1.400 1.420 1.440
