Test 3 - Meandering channel/Flood Modeller/Q2000_depth.1.00.asc
ncols         450
nrows         200
xllcorner     500
yllcorner     500
cellsize      20
NODATA_value  -9999
[rows 102 to 135 of 200, columns 77 to 153 of 450]
0.232 0.232 0.232 0.231 0.231 0.230 0.230 0.228 0.225 0.221 0.216 0.207 0.100 5.167 5.144 5.163 5.218 5.220 5.228 5.234 5.221 5.274 5.229 0.334 0.309 0.309 0.308 0.307 0.305 0.304 0.304 0.305 0.305 0.306 0.306 0.306 0.307 0.307 0.308 0.308 0.309 0.309 0.310 0.310 0.310 0.311 0.311 0.312 0.312 0.313 0.313 0.314 0.314 0.315 0.315 0.316 0.316 0.317 0.318 0.319 0.320 0.321 0.322 0.323 0.324 0.326 0.327 0.328 0.330 0.332 0.329 0.323 0.310 0.266 0.150 0.022 4.845
0.228 0.228 0.228 0.228 0.227 0.227 0.226 0.225 0.222 0.217 0.212 0.199 0.157 5.142 5.091 5.095 5.124 5.153 5.176 5.223 5.222 5.293 5.263 5.214 0.316 0.306 0.304 0.302 0.301 0.299 0.300 0.300 0.301 0.302 0.302 0.302 0.303 0.303 0.304 0.304 0.305 0.305 0.306 0.306 0.306 0.307 0.307 0.308 0.308 0.309 0.309 0.310 0.310 0.311 0.312 0.312 0.313 0.314 0.315 0.315 0.316 0.318 0.319 0.320 0.322 0.323 0.325 0.327 0.331 0.336 0.337 0.337 0.311 0.021 4.928 4.941 4.907
0.224 0.224 0.224 0.224 0.224 0.223 0.222 0.221 0.219 0.214 0.209 0.204 0.185 0.249 5.127 5.126 5.162 5.206 5.185 5.214 5.200 5.260 5.265 5.196 0.335 0.305 0.300 0.297 0.295 0.294 0.294 0.296 0.297 0.298 0.298 0.298 0.299 0.299 0.300 0.300 0.301 0.301 0.302 0.302 0.303 0.303 0.304 0.304 0.305 0.305 0.306 0.306 0.307 0.307 0.308 0.309 0.309 0.310 0.311 0.312 0.313 0.315 0.316 0.318 0.320 0.321 0.323 0.328 0.335 0.339 0.334 0.341 0.043 4.909 4.885 4.907 4.929
0.220 0.220 0.220 0.220 0.220 0.219 0.219 0.218 0.216 0.213 0.208 0.202 0.183 0.068 5.122 5.114 5.146 5.185 5.165 5.189 5.174 5.241 5.267 5.168 0.378 0.293 0.291 0.291 0.290 0.289 0.289 0.291 0.293 0.294 0.294 0.294 0.295 0.295 0.296 0.296 0.297 0.297 0.298 0.298 0.299 0.299 0.300 0.300 0.301 0.301 0.302 0.302 0.303 0.304 0.304 0.305 0.306 0.307 0.308 0.309 0.310 0.312 0.313 0.315 0.317 0.319 0.324 0.328 0.331 0.331 0.337 -9999.000 4.864 4.878 4.877 4.907 4.932
0.216 0.216 0.216 0.216 0.216 0.216 0.215 0.214 0.213 0.211 0.207 0.202 0.196 0.090 5.149 5.111 5.136 5.162 5.111 5.141 5.151 5.228 5.269 5.180 5.273 0.285 0.281 0.282 0.282 0.283 0.284 0.286 0.288 0.290 0.290 0.291 0.291 0.291 0.292 0.292 0.292 0.293 0.293 0.294 0.295 0.295 0.296 0.296 0.297 0.297 0.298 0.299 0.299 0.300 0.301 0.302 0.303 0.304 0.305 0.306 0.307 0.309 0.311 0.313 0.316 0.319 0.322 0.326 0.331 0.338 0.316 0.015 4.854 4.896 4.881 4.911 4.926
0.212 0.212 0.212 0.212 0.212 0.212 0.211 0.210 0.209 0.207 0.204 0.198 0.190 0.190 0.166 5.091 5.106 5.186 5.157 5.162 5.152 5.218 5.266 5.183 5.274 0.329 0.278 0.274 0.275 0.276 0.279 0.282 0.284 0.286 0.286 0.287 0.287 0.287 0.287 0.288 0.288 0.289 0.289 0.290 0.291 0.291 0.292 0.292 0.293 0.294 0.294 0.295 0.296 0.296 0.297 0.298 0.299 0.300 0.301 0.303 0.304 0.306 0.308 0.311 0.314 0.317 0.319 0.322 0.324 0.323 0.328 -9999.000 4.856 4.902 4.878 4.900 4.903
0.208 0.208 0.208 0.208 0.208 0.208 0.207 0.206 0.205 0.203 0.200 0.195 0.187 0.175 0.081 5.087 5.125 5.170 5.124 5.122 5.121 5.178 5.245 5.174 5.214 0.301 0.279 0.271 0.270 0.271 0.274 0.277 0.280 0.282 0.282 0.283 0.283 0.283 0.283 0.284 0.284 0.285 0.285 0.286 0.286 0.287 0.288 0.288 0.289 0.290 0.291 0.291 0.292 0.293 0.294 0.295 0.296 0.297 0.298 0.299 0.301 0.303 0.306 0.308 0.312 0.314 0.318 0.323 0.324 0.342 0.023 4.884 4.874 4.893 4.887 4.892 4.882
0.204 0.204 0.204 0.204 0.204 0.204 0.203 0.202 0.201 0.199 0.196 0.192 0.185 0.171 0.060 5.103 5.106 5.136 5.089 5.084 5.114 5.157 5.247 5.213 5.217 5.260 0.286 0.261 0.265 0.268 0.270 0.273 0.276 0.278 0.278 0.279 0.279 0.279 0.279 0.280 0.280 0.280 0.281 0.282 0.282 0.283 0.284 0.284 0.285 0.286 0.287 0.288 0.288 0.289 0.290 0.291 0.292 0.293 0.295 0.296 0.298 0.300 0.303 0.306 0.310 0.313 0.316 0.316 0.332 0.352 0.012 4.849 4.860 4.892 4.886 4.884 4.878
0.199 0.199 0.200 0.200 0.200 0.200 0.199 0.199 0.197 0.196 0.193 0.189 0.183 0.170 0.187 5.131 5.090 5.085 5.083 5.095 5.141 5.160 5.229 5.212 5.186 5.251 0.308 0.268 0.261 0.264 0.267 0.270 0.272 0.274 0.274 0.275 0.275 0.275 0.275 0.275 0.276 0.276 0.277 0.277 0.278 0.279 0.280 0.281 0.281 0.282 0.283 0.284 0.285 0.286 0.287 0.288 0.289 0.290 0.292 0.293 0.295 0.298 0.301 0.304 0.307 0.310 0.314 0.327 0.317 0.057 4.930 4.895 4.879 4.904 4.878 4.898 4.872
0.195 0.195 0.195 0.196 0.196 0.196 0.195 0.195 0.194 0.192 0.190 0.186 0.181 0.171 0.161 0.077 5.201 5.115 5.100 5.117 5.162 5.152 5.200 5.212 5.188 5.232 5.201 0.275 0.264 0.263 0.264 0.266 0.269 0.270 0.270 0.270 0.270 0.270 0.271 0.271 0.271 0.272 0.273 0.273 0.274 0.275 0.276 0.277 0.277 0.278 0.279 0.280 0.281 0.282 0.283 0.284 0.285 0.287 0.288 0.290 0.292 0.295 0.298 0.301 0.305 0.309 0.314 0.332 0.346 -9999.000 4.901 4.889 4.888 4.882 4.878 4.901 4.865
0.190 0.191 0.191 0.191 0.191 0.191 0.191 0.191 0.190 0.189 0.187 0.184 0.179 0.171 0.157 0.064 5.109 5.063 5.078 5.109 5.163 5.131 5.149 5.159 5.156 5.229 5.230 0.300 0.271 0.265 0.261 0.263 0.264 0.265 0.266 0.266 0.266 0.266 0.266 0.267 0.267 0.268 0.268 0.269 0.270 0.271 0.272 0.273 0.274 0.274 0.275 0.276 0.277 0.278 0.280 0.281 0.282 0.283 0.285 0.287 0.289 0.292 0.295 0.299 0.303 0.309 0.316 0.327 0.323 0.022 4.865 4.871 4.893 4.879 4.894 4.895 4.869
0.185 0.186 0.186 0.187 0.187 0.187 0.187 0.187 0.186 0.185 0.183 0.181 0.177 0.171 0.165 0.161 0.109 5.008 5.060 5.098 5.171 5.133 5.132 5.130 5.159 5.245 5.268 0.335 0.265 0.260 0.259 0.259 0.260 0.260 0.261 0.261 0.261 0.262 0.262 0.262 0.263 0.263 0.264 0.265 0.266 0.267 0.268 0.269 0.270 0.271 0.272 0.273 0.274 0.275 0.276 0.277 0.279 0.280 0.282 0.284 0.286 0.289 0.292 0.297 0.302 0.311 0.323 0.339 -9999.000 4.889 4.901 4.894 4.916 4.902 4.900 4.888 4.862
0.181 0.181 0.182 0.182 0.183 0.183 0.183 0.183 0.182 0.181 0.180 0.178 0.174 0.170 0.164 0.153 0.045 5.068 5.069 5.076 5.165 5.139 5.146 5.131 5.156 5.245 5.253 5.195 0.265 0.256 0.255 0.255 0.255 0.255 0.256 0.256 0.257 0.257 0.257 0.258 0.258 0.259 0.260 0.261 0.262 0.263 0.264 0.265 0.266 0.267 0.268 0.269 0.270 0.271 0.273 0.274 0.275 0.277 0.279 0.281 0.283 0.287 0.290 0.294 0.302 0.313 0.312 0.313 0.015 4.877 4.904 4.922 4.936 4.921 4.891 4.881 4.859
0.176 0.177 0.177 0.178 0.178 0.178 0.178 0.178 0.178 0.177 0.176 0.174 0.172 0.168 0.164 0.154 0.089 5.090 5.052 5.042 5.134 5.108 5.132 5.139 5.151 5.216 5.207 5.163 0.319 0.265 0.250 0.250 0.250 0.249 0.250 0.251 0.252 0.252 0.253 0.253 0.254 0.254 0.255 0.256 0.257 0.259 0.260 0.261 0.262 0.263 0.264 0.266 0.267 0.268 0.269 0.271 0.272 0.274 0.276 0.278 0.281 0.284 0.287 0.292 0.299 0.308 0.321 0.314 0.013 4.880 4.907 4.948 4.939 4.916 4.888 4.895 4.863
0.171 0.172 0.172 0.173 0.173 0.174 0.174 0.174 0.174 0.173 0.172 0.171 0.169 0.166 0.161 0.154 0.142 0.077 5.053 5.064 5.140 5.100 5.146 5.171 5.169 5.204 5.175 5.138 0.334 0.259 0.240 0.241 0.243 0.243 0.243 0.245 0.247 0.248 0.248 0.249 0.249 0.250 0.251 0.252 0.253 0.255 0.256 0.257 0.259 0.260 0.261 0.262 0.263 0.265 0.266 0.267 0.269 0.271 0.273 0.275 0.277 0.281 0.285 0.289 0.296 0.305 0.315 0.318 0.011 4.890 4.916 4.965 4.938 4.930 4.915 4.918 4.872
0.166 0.167 0.168 0.168 0.169 0.169 0.169 0.170 0.170 0.169 0.168 0.167 0.165 0.163 0.159 0.153 0.142 0.050 5.073 5.066 5.125 5.079 5.131 5.150 5.156 5.165 5.137 5.138 5.188 0.224 0.229 0.234 0.236 0.235 0.236 0.238 0.241 0.242 0.243 0.244 0.245 0.246 0.247 0.248 0.249 0.251 0.252 0.254 0.255 0.256 0.258 0.259 0.260 0.261 0.263 0.264 0.266 0.268 0.270 0.272 0.274 0.278 0.282 0.286 0.293 0.307 0.312 0.315 -9999.000 4.906 4.923 4.970 4.933 4.939 4.951 4.958 4.919
0.161 0.162 0.163 0.163 0.164 0.165 0.165 0.165 0.165 0.165 0.164 0.164 0.162 0.160 0.156 0.151 0.141 0.084 5.099 5.054 5.101 5.085 5.124 5.122 5.128 5.144 5.143 5.159 5.204 0.333 0.237 0.231 0.231 0.228 0.228 0.231 0.235 0.237 0.238 0.239 0.240 0.241 0.243 0.244 0.246 0.247 0.249 0.250 0.252 0.253 0.254 0.256 0.257 0.258 0.260 0.261 0.263 0.265 0.267 0.269 0.271 0.275 0.279 0.283 0.287 0.297 0.304 0.299 -9999.000 4.916 4.938 4.975 4.942 4.956 4.991 4.975 4.932
0.156 0.157 0.158 0.159 0.159 0.160 0.160 0.161 0.161 0.161 0.160 0.160 0.158 0.157 0.154 0.149 0.142 0.126 0.125 5.047 5.094 5.085 5.121 5.112 5.111 5.141 5.132 5.144 5.176 5.161 0.238 0.222 0.222 0.220 0.220 0.224 0.228 0.231 0.233 0.234 0.236 0.237 0.238 0.240 0.242 0.244 0.245 0.247 0.248 0.250 0.251 0.253 0.254 0.255 0.257 0.258 0.260 0.262 0.264 0.266 0.269 0.271 0.275 0.280 0.285 0.290 0.291 0.283 0.285 0.011 4.923 4.948 4.947 4.930 4.968 4.972 4.944
0.151 0.152 0.153 0.154 0.154 0.155 0.156 0.156 0.156 0.156 0.156 0.156 0.155 0.153 0.151 0.147 0.141 0.131 0.091 5.098 5.076 5.065 5.108 5.116 5.117 5.148 5.135 5.165 5.185 5.207 0.242 0.203 0.206 0.209 0.211 0.216 0.221 0.225 0.228 0.229 0.231 0.233 0.234 0.236 0.238 0.240 0.242 0.244 0.245 0.247 0.248 0.250 0.251 0.252 0.254 0.255 0.257 0.259 0.261 0.263 0.266 0.268 0.271 0.275 0.280 0.285 0.290 0.287 0.270 0.038 4.914 4.943 4.955 4.930 4.996 4.982 4.961
0.146 0.147 0.148 0.149 0.149 0.150 0.151 0.151 0.152 0.152 0.152 0.151 0.151 0.150 0.148 0.145 0.140 0.134 0.128 0.129 5.047 5.064 5.100 5.130 5.111 5.143 5.108 5.135 5.153 5.193 5.167 0.166 0.196 0.202 0.203 0.208 0.214 0.220 0.223 0.225 0.227 0.229 0.231 0.233 0.235 0.237 0.239 0.240 0.242 0.244 0.245 0.247 0.248 0.250 0.251 0.253 0.254 0.256 0.258 0.261 0.263 0.265 0.268 0.271 0.275 0.278 0.280 0.285 0.286 0.261 -9999.000 4.957 4.960 4.945 5.000 4.984 4.968
0.141 0.142 0.143 0.144 0.144 0.145 0.146 0.146 0.147 0.147 0.147 0.147 0.147 0.146 0.144 0.142 0.139 0.134 0.129 0.045 5.080 5.075 5.106 5.135 5.112 5.155 5.121 5.152 5.157 5.155 5.204 0.191 0.189 0.197 0.199 0.202 0.208 0.214 0.218 0.221 0.223 0.225 0.227 0.229 0.232 0.234 0.236 0.238 0.239 0.241 0.243 0.244 0.246 0.247 0.249 0.250 0.252 0.254 0.256 0.258 0.260 0.263 0.265 0.268 0.270 0.273 0.274 0.274 0.277 0.262 0.037 4.934 4.951 4.942 4.978 4.988 5.005
0.135 0.137 0.138 0.139 0.139 0.140 0.141 0.142 0.142 0.143 0.143 0.143 0.143 0.142 0.141 0.139 0.136 0.132 0.125 0.079 5.096 5.062 5.072 5.101 5.091 5.120 5.101 5.137 5.135 5.117 5.186 5.208 0.154 0.191 0.197 0.199 0.204 0.208 0.213 0.217 0.220 0.222 0.224 0.227 0.229 0.231 0.233 0.235 0.237 0.238 0.240 0.242 0.243 0.245 0.246 0.248 0.249 0.251 0.253 0.255 0.258 0.260 0.262 0.265 0.267 0.269 0.271 0.272 0.271 0.264 0.255 -9999.000 4.953 4.937 4.967 4.994 5.020
0.130 0.131 0.132 0.133 0.134 0.135 0.136 0.137 0.137 0.138 0.138 0.138 0.138 0.138 0.137 0.136 0.133 0.130 0.125 0.109 0.096 5.051 5.085 5.103 5.088 5.111 5.099 5.118 5.110 5.097 5.178 5.186 0.289 0.204 0.193 0.198 0.202 0.206 0.210 0.214 0.216 0.219 0.222 0.224 0.227 0.229 0.231 0.233 0.235 0.236 0.238 0.239 0.241 0.242 0.244 0.246 0.247 0.249 0.251 0.253 0.255 0.257 0.260 0.262 0.264 0.266 0.267 0.269 0.270 0.264 0.265 -9999.000 5.008 4.969 4.990 5.007 5.014
0.125 0.126 0.127 0.128 0.129 0.130 0.131 0.132 0.133 0.133 0.134 0.134 0.134 0.134 0.133 0.132 0.130 0.127 0.123 0.114 0.087 5.099 5.095 5.077 5.060 5.086 5.097 5.099 5.141 5.123 5.160 5.110 5.168 0.150 0.182 0.194 0.201 0.205 0.209 0.213 0.215 0.217 0.219 0.222 0.224 0.227 0.229 0.231 0.233 0.234 0.236 0.237 0.239 0.240 0.242 0.244 0.245 0.247 0.249 0.251 0.253 0.255 0.257 0.259 0.261 0.263 0.264 0.265 0.267 0.268 0.263 0.253 -9999.000 4.943 4.974 5.003 5.012
0.119 0.121 0.122 0.123 0.124 0.125 0.126 0.127 0.128 0.128 0.129 0.129 0.129 0.129 0.129 0.128 0.127 0.125 0.121 0.115 0.103 0.113 5.090 5.042 5.059 5.049 5.091 5.100 5.131 5.113 5.140 5.117 5.182 0.320 0.201 0.192 0.198 0.201 0.205 0.210 0.214 0.216 0.218 0.220 0.222 0.225 0.227 0.229 0.231 0.233 0.234 0.236 0.237 0.239 0.240 0.242 0.243 0.245 0.247 0.249 0.251 0.253 0.255 0.257 0.259 0.260 0.261 0.262 0.264 0.263 0.263 0.284 -9999.000 4.953 4.969 4.993 5.018
0.114 0.115 0.116 0.118 0.119 0.120 0.121 0.122 0.123 0.123 0.124 0.125 0.125 0.125 0.125 0.124 0.123 0.122 0.119 0.115 0.111 0.112 0.116 4.998 5.060 5.041 5.072 5.092 5.082 5.104 5.099 5.095 5.093 5.120 0.296 0.214 0.197 0.195 0.198 0.205 0.211 0.215 0.218 0.220 0.222 0.223 0.225 0.227 0.229 0.231 0.233 0.234 0.236 0.237 0.238 0.240 0.242 0.243 0.245 0.247 0.249 0.251 0.254 0.256 0.257 0.259 0.260 0.261 0.261 0.264 0.261 0.252 0.237 0.058 -9999.000 4.990 5.024
0.108 0.110 0.111 0.112 0.113 0.114 0.116 0.117 0.118 0.118 0.119 0.120 0.120 0.120 0.120 0.120 0.120 0.118 0.117 0.114 0.112 0.112 0.057 5.063 5.033 5.029 5.063 5.091 5.070 5.097 5.086 5.092 5.092 5.131 5.145 0.245 0.201 0.185 0.189 0.198 0.207 0.213 0.217 0.220 0.222 0.223 0.224 0.225 0.228 0.230 0.231 0.233 0.234 0.236 0.237 0.239 0.240 0.242 0.244 0.245 0.247 0.249 0.252 0.254 0.256 0.258 0.259 0.260 0.260 0.261 0.263 0.257 0.243 0.224 0.221 0.052 0.014
0.103 0.104 0.105 0.107 0.108 0.109 0.110 0.111 0.112 0.113 0.114 0.115 0.115 0.116 0.116 0.116 0.116 0.115 0.114 0.112 0.110 0.110 0.111 0.050 5.021 5.037 5.092 5.064 5.108 5.081 5.086 5.088 5.076 5.152 5.118 0.263 0.172 0.166 0.179 0.190 0.200 0.208 0.214 0.219 0.222 0.223 0.224 0.225 0.226 0.228 0.230 0.232 0.233 0.235 0.236 0.237 0.239 0.241 0.242 0.244 0.246 0.248 0.250 0.252 0.254 0.256 0.258 0.259 0.260 0.260 0.261 0.260 0.254 0.245 0.239 0.226 0.215
0.097 0.098 0.100 0.101 0.103 0.104 0.105 0.106 0.107 0.108 0.109 0.110 0.111 0.111 0.112 0.112 0.112 0.111 0.110 0.109 0.108 0.107 0.106 0.044 5.042 4.993 5.060 5.040 5.103 5.064 5.082 5.099 5.076 5.157 5.094 5.124 -9999.000 0.160 0.176 0.187 0.195 0.203 0.209 0.214 0.219 0.222 0.223 0.224 0.225 0.227 0.229 0.231 0.233 0.234 0.235 0.237 0.238 0.240 0.241 0.243 0.245 0.247 0.249 0.251 0.253 0.255 0.257 0.258 0.259 0.261 0.261 0.261 0.259 0.256 0.253 0.248 0.244
0.091 0.093 0.094 0.096 0.097 0.098 0.100 0.101 0.102 0.103 0.104 0.105 0.106 0.106 0.107 0.107 0.107 0.107 0.107 0.106 0.106 0.105 0.104 0.101 0.045 4.985 5.044 5.060 5.068 5.055 5.050 5.088 5.095 5.154 5.068 5.123 5.134 0.203 0.168 0.185 0.194 0.204 0.208 0.211 0.215 0.220 0.223 0.224 0.225 0.227 0.229 0.231 0.232 0.233 0.235 0.236 0.237 0.239 0.240 0.242 0.244 0.246 0.248 0.250 0.252 0.254 0.256 0.258 0.259 0.261 0.262 0.263 0.263 0.263 0.262 0.261 0.261
0.086 0.087 0.089 0.090 0.091 0.093 0.094 0.095 0.097 0.098 0.099 0.100 0.101 0.102 0.102 0.103 0.103 0.103 0.103 0.103 0.102 0.102 0.101 0.099 0.032 5.046 5.036 5.074 5.070 5.075 5.059 5.074 5.084 5.119 5.084 5.131 5.164 5.164 0.173 0.183 0.188 0.201 0.210 0.210 0.212 0.216 0.221 0.224 0.226 0.227 0.229 0.230 0.232 0.233 0.234 0.236 0.237 0.238 0.240 0.241 0.243 0.245 0.247 0.249 0.251 0.253 0.255 0.258 0.260 0.262 0.264 0.265 0.267 0.269 0.270 0.272 0.273
0.080 0.081 0.083 0.084 0.086 0.087 0.089 0.090 0.091 0.093 0.094 0.095 0.096 0.097 0.097 0.098 0.098 0.099 0.099 0.099 0.099 0.099 0.098 0.096 0.092 0.059 5.029 5.073 5.082 5.087 5.093 5.084 5.099 5.138 5.125 5.098 5.135 5.098 0.360 0.226 0.182 0.186 0.205 0.211 0.210 0.213 0.218 0.222 0.225 0.227 0.228 0.230 0.232 0.233 0.234 0.235 0.237 0.238 0.239 0.241 0.243 0.245 0.247 0.249 0.251 0.253 0.255 0.257 0.260 0.263 0.266 0.269 0.271 0.274 0.277 0.280 0.284
0.074 0.076 0.077 0.079 0.080 0.082 0.083 0.085 0.086 0.087 0.088 0.090 0.091 0.092 0.092 0.093 0.094 0.094 0.095 0.095 0.095 0.095 0.095 0.094 0.093 0.098 5.074 5.071 5.105 5.095 5.091 5.058 5.083 5.106 5.122 5.065 5.114 5.107 5.117 -9999.000 0.160 0.178 0.201 0.212 0.213 0.214 0.216 0.220 0.223 0.226 0.228 0.229 0.231 0.232 0.234 0.235 0.236 0.238 0.239 0.241 0.242 0.244 0.246 0.248 0.250 0.253 0.255 0.258 0.261 0.264 0.268 0.271 0.275 0.279 0.283 0.288 0.292
0.068 0.070 0.071 0.073 0.075 0.076 0.078 0.079 0.080 0.082 0.083 0.084 0.085 0.087 0.087 0.088 0.089 0.090 0.090 0.091 0.091 0.091 0.091 0.090 0.089 0.087 0.053 5.084 5.101 5.069 5.072 5.081 5.095 5.083 5.102 5.046 5.108 5.093 5.064 5.123 0.129 0.195 0.227 0.232 0.223 0.219 0.219 0.220 0.222 0.225 0.228 0.230 0.231 0.232 0.234 0.235 0.236 0.238 0.239 0.241 0.242 0.244 0.246 0.248 0.250 0.253 0.255 0.258 0.261 0.265 0.269 0.273 0.278 0.284 0.290 0.295 0.300
