Test 3 - Meandering channel/Flood Modeller/Q2000_depth.1.00.asc
ncols         450
nrows         200
xllcorner     500
yllcorner     500
cellsize      20
NODATA_value  -9999
[rows 102 to 135 of 200, columns 154 to 230 of 450]
4.886 4.890 4.871 4.871 4.902 4.905 4.898 4.929 4.927 4.946 4.938 4.951 4.969 4.987 4.993 4.996 5.003 4.992 5.030 -9999.000 0.015 4.904 4.956 4.967 5.002 5.004 5.067 5.043 5.112 5.132 5.206 5.206 5.226 5.243 5.294 5.320 0.406 0.322 0.310 0.306 0.305 0.307 0.307 0.306 0.303 0.300 0.296 0.291 0.286 0.278 0.268 0.257 0.242 0.101 5.074 5.049 5.078 5.171 5.113 5.135 5.225 5.187 5.271 5.252 5.267 0.279 0.259 0.258 0.255 0.254 0.254 0.255 0.255 0.256 0.256 0.256 0.256
4.896 4.892 4.875 4.885 4.912 4.921 4.903 4.920 4.913 4.930 4.928 4.969 4.980 4.985 4.998 4.990 5.045 -9999.000 0.049 0.190 0.202 0.012 0.034 -9999.000 4.987 4.990 5.022 5.012 5.097 5.095 5.180 5.169 5.195 5.207 5.283 5.258 5.281 0.329 0.304 0.302 0.302 0.304 0.305 0.303 0.300 0.296 0.292 0.286 0.280 0.271 0.259 0.243 0.255 0.070 5.025 5.082 5.094 5.184 5.135 5.197 5.240 5.218 5.299 5.265 5.285 0.281 0.262 0.260 0.260 0.259 0.259 0.259 0.259 0.260 0.260 0.260 0.260
4.900 4.895 4.898 4.890 4.915 4.919 4.898 4.924 4.922 4.933 4.922 4.968 4.981 4.974 5.012 -9999.000 0.057 0.190 0.204 0.219 0.227 0.227 0.230 0.229 0.114 -9999.000 4.983 5.008 5.086 5.082 5.151 5.140 5.170 5.195 5.276 5.268 5.321 0.383 0.315 0.299 0.298 0.300 0.301 0.300 0.297 0.293 0.287 0.281 0.273 0.263 0.246 0.231 -9999.000 5.083 5.028 5.085 5.109 5.163 5.143 5.215 5.219 5.242 5.314 5.276 0.256 0.264 0.262 0.261 0.261 0.262 0.263 0.263 0.263 0.263 0.263 0.263 0.263
4.891 4.892 4.903 4.884 4.902 4.898 4.899 4.940 4.936 4.957 4.942 4.977 5.014 -9999.000 0.022 0.199 0.211 0.223 0.234 0.243 0.252 0.254 0.257 0.260 0.251 0.034 5.020 5.003 5.066 5.081 5.136 5.094 5.146 5.186 5.236 5.232 5.291 5.284 0.327 0.299 0.297 0.297 0.297 0.296 0.293 0.289 0.282 0.275 0.265 0.251 0.225 0.082 5.108 5.082 5.101 5.132 5.093 5.151 5.170 5.231 5.218 5.292 5.310 5.281 0.292 0.274 0.264 0.263 0.266 0.266 0.266 0.266 0.266 0.266 0.266 0.266 0.267
4.887 4.894 4.888 4.866 4.878 4.878 4.884 4.927 4.933 4.961 4.951 -9999.000 0.035 0.209 0.219 0.230 0.241 0.250 0.259 0.266 0.272 0.276 0.279 0.276 0.276 0.280 0.029 5.019 5.063 5.085 5.142 5.079 5.116 5.180 5.229 5.233 5.278 5.264 0.356 0.314 0.302 0.297 0.294 0.292 0.289 0.284 0.277 0.268 0.256 0.235 0.216 -9999.000 5.058 5.100 5.058 5.100 5.104 5.170 5.167 5.222 5.215 5.292 5.262 5.273 0.297 0.277 0.266 0.265 0.268 0.269 0.269 0.269 0.270 0.270 0.269 0.270 0.270
4.881 4.905 4.882 4.874 4.869 4.868 4.879 4.908 4.914 4.970 0.163 0.211 0.222 0.237 0.246 0.256 0.266 0.274 0.281 0.287 0.292 0.295 0.298 0.297 0.294 0.292 0.263 -9999.000 4.986 5.052 5.094 5.102 5.102 5.167 5.211 5.259 5.283 5.254 0.353 0.298 0.295 0.293 0.291 0.288 0.284 0.278 0.270 0.260 0.244 0.202 0.158 5.165 5.067 5.143 5.081 5.156 5.151 5.209 5.202 5.285 5.244 5.277 5.267 0.326 0.279 0.268 0.265 0.268 0.271 0.272 0.272 0.272 0.272 0.273 0.273 0.273 0.273
4.870 4.881 4.852 4.843 4.837 4.836 4.851 4.912 0.016 0.023 0.205 0.229 0.247 0.260 0.270 0.280 0.289 0.296 0.302 0.307 0.311 0.314 0.315 0.315 0.313 0.313 0.299 0.041 5.023 5.045 5.061 5.101 5.062 5.160 5.162 5.242 5.238 5.224 5.220 0.307 0.298 0.287 0.284 0.282 0.278 0.271 0.263 0.252 0.230 0.154 5.108 5.159 5.099 5.127 5.153 5.161 5.163 5.209 5.186 5.266 5.232 5.262 0.250 0.256 0.263 0.269 0.268 0.272 0.274 0.274 0.274 0.275 0.275 0.276 0.276 0.276 0.277
4.869 4.858 4.824 4.805 4.825 4.840 -9999.000 -9999.000 0.221 0.233 0.246 0.256 0.271 0.283 0.292 0.302 0.310 0.316 0.322 0.327 0.330 0.331 0.332 0.332 0.330 0.319 0.311 0.273 0.017 4.988 5.029 5.110 5.089 5.189 5.151 5.235 5.198 5.236 5.248 0.349 0.307 0.289 0.280 0.276 0.271 0.264 0.255 0.245 0.211 0.067 5.186 5.157 5.146 5.105 5.202 5.170 5.227 5.242 5.210 5.267 5.245 5.295 0.267 0.257 0.265 0.265 0.268 0.273 0.275 0.276 0.277 0.278 0.278 0.279 0.279 0.280 0.280
4.855 4.834 4.791 4.780 4.835 -9999.000 0.210 0.232 0.245 0.260 0.269 0.280 0.294 0.304 0.313 0.322 0.329 0.336 0.341 0.345 0.348 0.349 0.349 0.348 0.347 0.340 0.322 0.292 0.090 4.980 5.027 5.135 5.097 5.173 5.135 5.194 5.181 5.238 5.243 0.360 0.314 0.285 0.273 0.268 0.263 0.255 0.247 0.217 0.108 5.131 5.157 5.103 5.164 5.072 5.196 5.159 5.227 5.207 5.214 5.265 5.227 0.219 0.262 0.254 0.255 0.262 0.269 0.275 0.277 0.278 0.280 0.281 0.281 0.282 0.282 0.283 0.284
4.845 4.814 4.781 4.762 -9999.000 0.197 0.218 0.242 0.258 0.274 0.286 0.300 0.314 0.323 0.332 0.341 0.348 0.355 0.360 0.363 0.366 0.367 0.366 0.364 0.360 0.355 0.344 0.315 0.089 5.008 5.039 5.130 5.114 5.182 5.127 5.172 5.166 5.216 5.219 0.289 0.290 0.282 0.267 0.260 0.254 0.245 0.231 0.199 0.095 5.103 5.113 5.098 5.184 5.098 5.208 5.163 5.236 5.197 5.205 5.271 0.166 0.246 0.255 0.254 0.260 0.268 0.274 0.277 0.279 0.281 0.282 0.284 0.284 0.285 0.286 0.287 0.287
4.814 4.786 4.781 -9999.000 0.182 0.205 0.230 0.253 0.271 0.288 0.303 0.318 0.331 0.342 0.351 0.359 0.367 0.373 0.378 0.381 0.383 0.384 0.383 0.381 0.376 0.369 0.359 0.331 0.058 4.992 5.042 5.113 5.132 5.160 5.117 5.157 5.146 5.187 5.204 -9999.000 0.285 0.282 0.263 0.253 0.247 0.235 0.201 0.038 5.057 5.094 5.145 5.092 5.147 5.097 5.188 5.163 5.237 5.237 5.230 5.260 0.259 0.245 0.251 0.258 0.265 0.272 0.277 0.279 0.281 0.284 0.286 0.287 0.287 0.288 0.289 0.290 0.291
4.793 4.749 4.757 0.068 0.187 0.220 0.245 0.267 0.285 0.303 0.320 0.334 0.348 0.361 0.370 0.378 0.385 0.391 0.396 0.399 0.401 0.401 0.400 0.398 0.394 0.386 0.375 0.347 0.117 5.017 5.046 5.065 5.116 5.132 5.157 5.134 5.154 5.172 5.178 5.140 0.199 0.256 0.251 0.244 0.237 0.217 0.061 5.048 5.085 5.106 5.110 5.081 5.131 5.127 5.156 5.172 5.232 5.281 5.300 0.249 0.267 0.268 0.265 0.265 0.270 0.275 0.278 0.281 0.284 0.287 0.289 0.290 0.291 0.292 0.293 0.294 0.294
4.790 4.737 4.745 0.091 0.204 0.235 0.260 0.284 0.302 0.318 0.336 0.351 0.364 0.379 0.390 0.397 0.403 0.409 0.413 0.416 0.418 0.418 0.417 0.415 0.410 0.401 0.391 0.367 0.299 0.054 5.037 5.053 5.159 5.081 5.171 5.121 5.165 5.125 5.144 5.132 0.367 0.285 0.249 0.235 0.221 0.188 0.159 5.041 5.100 5.087 5.107 5.144 5.190 5.173 5.177 5.219 5.210 5.271 5.335 0.238 0.264 0.273 0.268 0.269 0.274 0.277 0.281 0.285 0.289 0.291 0.292 0.293 0.294 0.295 0.296 0.297 0.298
4.799 4.740 -9999.000 0.199 0.221 0.245 0.267 0.298 0.320 0.335 0.353 0.370 0.383 0.396 0.408 0.416 0.422 0.427 0.431 0.434 0.435 0.436 0.434 0.431 0.425 0.416 0.407 0.385 0.346 0.101 5.048 5.040 5.138 5.065 5.175 5.117 5.171 5.109 5.126 5.124 0.187 0.225 0.224 0.219 0.213 0.084 5.014 4.993 5.098 5.111 5.104 5.157 5.196 5.175 5.205 5.272 5.226 5.249 0.295 0.255 0.270 0.273 0.271 0.275 0.279 0.282 0.286 0.290 0.293 0.294 0.295 0.297 0.298 0.299 0.300 0.301 0.302
4.816 4.678 0.063 0.202 0.219 0.246 0.273 0.309 0.342 0.356 0.372 0.391 0.405 0.417 0.428 0.436 0.442 0.446 0.450 0.451 0.452 0.452 0.451 0.447 0.442 0.434 0.425 0.403 0.366 0.092 5.058 5.057 5.122 5.087 5.195 5.131 5.172 5.120 5.050 5.012 5.008 0.125 0.183 0.211 -9999.000 4.930 5.021 5.019 5.095 5.141 5.107 5.187 5.229 5.199 5.239 5.279 5.218 0.189 0.259 0.263 0.278 0.277 0.277 0.281 0.284 0.288 0.291 0.294 0.297 0.298 0.299 0.300 0.302 0.303 0.304 0.305 0.305
4.845 4.771 4.812 0.213 0.228 0.288 0.292 0.327 0.362 0.383 0.395 0.413 0.428 0.440 0.451 0.457 0.462 0.466 0.469 0.470 0.470 0.469 0.467 0.464 0.458 0.448 0.437 0.428 0.455 -9999.000 5.084 5.056 5.080 5.086 5.192 5.134 5.134 5.144 5.103 5.120 5.074 4.956 0.071 -9999.000 4.915 4.938 5.020 5.036 5.079 5.128 5.129 5.170 5.242 5.203 5.246 5.264 5.229 0.253 0.289 0.287 0.282 0.281 0.284 0.287 0.290 0.294 0.297 0.299 0.300 0.302 0.303 0.305 0.306 0.307 0.308 0.309 0.309
4.880 4.882 4.718 0.077 0.212 0.414 0.304 0.336 0.375 0.401 0.421 0.435 0.451 0.464 0.474 0.481 0.483 0.485 0.487 0.488 0.487 0.486 0.484 0.480 0.474 0.464 0.454 0.439 0.413 0.387 0.033 5.092 5.067 5.099 5.153 5.144 5.117 5.144 5.060 5.073 5.110 4.944 4.822 4.955 4.950 4.962 5.049 5.065 5.111 5.148 5.195 5.192 5.257 5.196 5.241 5.261 0.228 0.293 0.294 0.288 0.287 0.289 0.291 0.294 0.297 0.299 0.302 0.303 0.305 0.306 0.308 0.309 0.310 0.311 0.312 0.312 0.313
4.889 4.864 4.791 4.871 5.096 5.151 5.084 0.326 0.401 0.417 0.457 0.454 0.471 0.483 0.494 0.503 0.508 0.508 0.507 0.507 0.504 0.502 0.500 0.496 0.490 0.479 0.470 0.453 0.424 0.393 0.030 5.089 5.075 5.145 5.152 5.172 5.104 5.170 5.125 5.071 5.142 5.003 4.976 5.021 5.018 5.032 5.094 5.100 5.148 5.181 5.233 5.247 5.317 5.260 5.318 0.191 0.264 0.287 0.295 0.296 0.296 0.298 0.300 0.302 0.303 0.305 0.307 0.308 0.310 0.311 0.312 0.313 0.314 0.315 0.316 0.316 0.317
4.917 4.957 4.986 4.968 5.051 5.110 5.139 5.256 5.245 0.469 0.526 0.482 0.488 0.502 0.510 0.519 0.528 0.532 0.529 0.527 0.523 0.518 0.515 0.510 0.505 0.495 0.483 0.471 0.452 0.417 0.028 5.095 5.065 5.120 5.144 5.182 5.111 5.175 5.202 5.118 5.173 5.094 5.088 5.150 5.148 5.141 5.157 5.153 5.182 5.196 5.243 5.253 5.328 5.294 5.327 0.408 0.312 0.304 0.304 0.303 0.305 0.306 0.307 0.308 0.310 0.311 0.313 0.314 0.315 0.316 0.317 0.318 0.319 0.319 0.320 0.320 0.321
4.965 5.032 5.056 5.031 5.092 5.132 5.182 5.232 5.272 5.360 5.401 5.473 0.568 0.553 0.529 0.537 0.545 0.552 0.552 0.548 0.543 0.535 0.530 0.524 0.518 0.512 0.501 0.484 0.459 0.443 0.371 0.086 5.077 5.123 5.159 5.197 5.113 5.171 5.245 5.130 5.164 5.133 5.137 5.188 5.175 5.152 5.188 5.193 5.255 5.261 5.273 5.283 5.355 5.329 0.299 0.317 0.317 0.317 0.315 0.313 0.313 0.313 0.314 0.315 0.316 0.317 0.318 0.319 0.320 0.321 0.322 0.322 0.323 0.324 0.324 0.324 0.325
5.022 5.071 5.077 5.051 5.123 5.133 5.187 5.233 5.286 5.381 5.416 5.461 5.528 5.584 0.564 0.564 0.568 0.572 0.574 0.569 0.563 0.553 0.544 0.538 0.531 0.523 0.514 0.506 0.483 0.456 0.422 0.359 0.095 5.186 5.125 5.246 5.127 5.171 5.216 5.141 5.216 5.189 5.179 5.230 5.237 5.208 5.250 5.272 5.334 5.340 5.334 5.319 5.396 0.305 0.315 0.326 0.332 0.328 0.322 0.320 0.321 0.321 0.322 0.322 0.323 0.323 0.324 0.325 0.325 0.326 0.327 0.327 0.328 0.328 0.328 0.328 0.329
5.034 5.073 5.081 5.051 5.124 5.128 5.180 5.246 5.281 5.371 5.402 5.457 5.522 5.578 5.608 0.600 0.593 0.596 0.594 0.589 0.582 0.573 0.560 0.550 0.543 0.535 0.524 0.514 0.503 0.481 0.455 0.420 0.354 0.132 5.034 5.249 5.087 5.128 5.194 5.149 5.235 5.212 5.180 5.212 5.233 5.217 5.252 5.274 5.325 5.347 5.376 5.360 0.323 0.336 0.329 0.330 0.333 0.330 0.329 0.329 0.330 0.329 0.329 0.329 0.329 0.330 0.330 0.330 0.331 0.331 0.331 0.332 0.332 0.332 0.332 0.332 0.332
5.032 5.048 5.059 5.043 5.138 5.144 5.198 5.244 5.260 5.350 5.397 5.465 5.516 5.580 5.624 5.596 0.631 0.619 0.616 0.609 0.599 0.589 0.577 0.564 0.554 0.546 0.537 0.524 0.512 0.496 0.476 0.449 0.413 0.345 0.193 5.233 5.164 5.163 5.233 5.205 5.257 5.258 5.266 5.323 5.341 5.318 5.341 5.338 5.373 5.371 5.408 5.423 0.372 0.355 0.343 0.341 0.341 0.340 0.339 0.339 0.338 0.336 0.336 0.336 0.336 0.336 0.336 0.336 0.336 0.336 0.336 0.336 0.336 0.336 0.336 0.336 0.336
5.033 5.017 5.038 5.064 5.158 5.161 5.193 5.227 5.241 5.336 5.394 5.489 5.528 5.578 5.651 5.641 5.671 0.646 0.634 0.628 0.617 0.604 0.590 0.577 0.565 0.555 0.547 0.535 0.522 0.508 0.491 0.469 0.442 0.406 0.343 0.123 5.111 5.147 5.239 5.179 5.201 5.219 5.225 5.264 5.284 5.299 5.343 5.336 5.356 5.358 0.312 0.401 0.385 0.371 0.360 0.355 0.352 0.350 0.348 0.346 0.345 0.343 0.343 0.343 0.342 0.342 0.341 0.341 0.341 0.341 0.341 0.341 0.340 0.340 0.340 0.340 0.340
5.035 5.023 5.032 5.088 5.158 5.127 5.129 5.209 5.181 5.311 5.348 5.466 5.497 5.530 5.628 5.632 5.658 0.664 0.654 0.643 0.633 0.618 0.603 0.587 0.575 0.565 0.555 0.544 0.532 0.518 0.503 0.486 0.463 0.436 0.399 0.328 0.190 5.259 5.294 5.252 5.264 5.308 5.330 5.332 5.322 5.340 5.398 5.399 5.426 0.382 0.370 0.376 0.386 0.379 0.368 0.364 0.361 0.357 0.355 0.353 0.351 0.350 0.349 0.349 0.348 0.347 0.347 0.346 0.346 0.346 0.345 0.345 0.345 0.344 0.344 0.344 0.344
5.031 5.053 5.048 5.076 5.118 5.113 5.091 5.230 5.185 5.314 5.318 5.444 5.480 5.509 5.600 5.603 5.645 5.717 0.680 0.659 0.644 0.629 0.614 0.597 0.583 0.573 0.563 0.552 0.540 0.527 0.513 0.498 0.479 0.457 0.430 0.394 0.326 0.184 0.182 5.177 5.194 5.269 5.308 5.305 5.311 5.338 5.367 5.354 0.382 0.377 0.375 0.383 0.384 0.376 0.374 0.372 0.368 0.363 0.361 0.359 0.357 0.356 0.355 0.354 0.353 0.352 0.352 0.351 0.351 0.350 0.350 0.349 0.349 0.349 0.348 0.348 0.348
0.016 5.062 5.062 5.086 5.117 5.104 5.096 5.201 5.183 5.283 5.293 5.440 5.498 5.530 5.604 5.603 5.651 5.715 5.682 0.678 0.654 0.638 0.622 0.605 0.590 0.579 0.569 0.559 0.548 0.535 0.522 0.508 0.493 0.474 0.452 0.426 0.394 0.347 0.299 0.223 5.235 5.293 5.321 5.309 5.341 5.377 0.375 0.399 0.383 0.376 0.382 0.385 0.382 0.382 0.382 0.377 0.371 0.368 0.366 0.365 0.363 0.362 0.361 0.359 0.358 0.357 0.357 0.356 0.355 0.355 0.354 0.353 0.353 0.353 0.352 0.352 0.351
0.196 0.057 0.064 0.101 0.103 5.085 5.108 5.156 5.122 5.211 5.218 5.381 5.473 5.535 5.601 5.601 5.656 5.717 5.707 0.686 0.661 0.645 0.629 0.611 0.596 0.585 0.575 0.564 0.553 0.542 0.529 0.516 0.503 0.488 0.469 0.448 0.424 0.397 0.365 0.317 0.205 0.276 5.310 5.308 0.327 0.348 0.364 0.369 0.372 0.386 0.390 0.388 0.388 0.388 0.384 0.379 0.376 0.374 0.373 0.371 0.369 0.367 0.366 0.364 0.363 0.362 0.362 0.361 0.360 0.359 0.358 0.358 0.357 0.356 0.356 0.355 0.355
0.241 0.236 0.230 0.226 0.213 0.147 0.125 0.233 5.085 5.237 5.271 5.400 5.456 5.524 5.599 5.606 5.647 5.701 5.687 0.690 0.666 0.651 0.634 0.615 0.600 0.588 0.579 0.569 0.558 0.547 0.535 0.523 0.511 0.498 0.482 0.465 0.446 0.425 0.401 0.375 0.345 0.325 0.272 0.326 0.342 0.349 0.356 0.374 0.389 0.393 0.390 0.391 0.391 0.388 0.385 0.383 0.382 0.380 0.378 0.376 0.374 0.372 0.371 0.370 0.368 0.367 0.366 0.365 0.364 0.363 0.362 0.362 0.361 0.360 0.360 0.359 0.359
0.261 0.264 0.266 0.267 0.277 0.277 0.281 0.332 0.086 5.120 5.276 5.430 5.480 5.517 5.576 5.618 5.664 5.705 5.689 0.687 0.667 0.652 0.637 0.618 0.602 0.591 0.581 0.572 0.562 0.551 0.540 0.529 0.517 0.505 0.492 0.477 0.461 0.444 0.426 0.406 0.386 0.365 0.354 0.352 0.350 0.360 0.376 0.387 0.391 0.390 0.392 0.394 0.392 0.390 0.390 0.389 0.387 0.384 0.382 0.380 0.379 0.377 0.376 0.374 0.373 0.372 0.371 0.369 0.368 0.367 0.366 0.365 0.365 0.364 0.363 0.363 0.362
0.276 0.282 0.285 0.291 0.308 0.310 0.339 0.248 5.257 5.374 5.350 5.424 5.499 5.572 5.612 5.617 5.642 5.669 5.668 0.687 0.665 0.650 0.636 0.618 0.603 0.593 0.584 0.574 0.564 0.554 0.543 0.533 0.523 0.512 0.500 0.488 0.473 0.459 0.444 0.428 0.412 0.397 0.385 0.377 0.375 0.380 0.385 0.388 0.390 0.393 0.396 0.396 0.395 0.395 0.394 0.392 0.390 0.388 0.386 0.385 0.383 0.382 0.380 0.379 0.377 0.376 0.375 0.373 0.372 0.371 0.370 0.369 0.368 0.367 0.367 0.366 0.365
0.289 0.294 0.297 0.311 0.333 0.324 0.356 5.418 5.353 5.404 5.358 5.471 5.527 5.563 5.598 5.601 5.657 5.689 5.707 0.680 0.661 0.648 0.633 0.616 0.602 0.592 0.584 0.576 0.566 0.556 0.546 0.536 0.527 0.517 0.506 0.495 0.483 0.470 0.457 0.443 0.430 0.418 0.407 0.399 0.394 0.393 0.392 0.393 0.396 0.398 0.399 0.399 0.399 0.399 0.397 0.395 0.394 0.392 0.391 0.389 0.388 0.386 0.385 0.383 0.381 0.380 0.378 0.377 0.376 0.375 0.374 0.373 0.372 0.371 0.370 0.369 0.368
0.297 0.304 0.310 0.332 0.344 0.330 0.327 5.408 5.422 5.418 5.447 5.517 5.510 5.531 5.583 5.579 5.630 5.663 0.698 0.672 0.653 0.642 0.628 0.612 0.601 0.592 0.584 0.575 0.567 0.557 0.548 0.539 0.530 0.520 0.511 0.501 0.491 0.479 0.468 0.456 0.444 0.433 0.423 0.415 0.409 0.404 0.402 0.402 0.402 0.403 0.403 0.404 0.403 0.402 0.400 0.399 0.398 0.396 0.395 0.393 0.392 0.390 0.388 0.387 0.385 0.384 0.382 0.381 0.379 0.378 0.377 0.376 0.375 0.374 0.373 0.372 0.371
0.307 0.314 0.319 0.340 0.345 0.381 5.389 5.388 5.404 5.457 5.470 5.521 5.517 5.544 5.610 5.623 5.666 5.704 0.667 0.648 0.643 0.636 0.621 0.606 0.597 0.590 0.583 0.576 0.567 0.558 0.549 0.541 0.532 0.523 0.514 0.505 0.496 0.487 0.476 0.465 0.455 0.445 0.435 0.427 0.421 0.416 0.413 0.411 0.410 0.409 0.409 0.408 0.406 0.405 0.403 0.402 0.401 0.400 0.399 0.397 0.396 0.394 0.392 0.390 0.389 0.387 0.386 0.384 0.383 0.382 0.380 0.379 0.378 0.377 0.376 0.375 0.374
