Test 3 - Meandering channel/Flood Modeller/Q2000_depth.1.00.asc
ncols         450
nrows         200
xllcorner     500
yllcorner     500
cellsize      20
NODATA_value  -9999
[rows 68 to 101 of 200, columns 154 to 230 of 450]
0.413 0.412 0.412 0.411 0.410 0.410 0.409 0.409 0.408 0.407 0.406 0.406 0.405 0.404 0.403 0.402 0.401 0.400 0.399 0.398 0.397 0.397 0.396 0.395 0.394 0.393 0.392 0.391 0.391 0.390 0.389 0.389 0.388 0.388 0.387 0.387 0.387 0.386 0.386 0.386 0.386 0.385 0.385 0.385 0.385 0.384 0.384 0.384 0.383 0.383 0.382 0.381 0.381 0.380 0.378 0.377 0.375 0.373 0.370 0.367 0.363 0.358 0.352 0.350 0.352 0.362 -9999.000 4.996 5.032 5.008 5.020 5.028 5.098 5.020 5.089 5.096 5.148
0.410 0.410 0.409 0.409 0.408 0.407 0.407 0.406 0.405 0.405 0.404 0.403 0.402 0.401 0.400 0.399 0.398 0.397 0.396 0.395 0.394 0.393 0.393 0.392 0.391 0.390 0.389 0.388 0.387 0.387 0.386 0.386 0.385 0.385 0.384 0.384 0.384 0.384 0.383 0.383 0.383 0.383 0.383 0.382 0.382 0.382 0.382 0.381 0.381 0.380 0.380 0.379 0.378 0.377 0.376 0.374 0.372 0.370 0.367 0.363 0.358 0.353 0.348 0.348 0.332 0.315 -9999.000 5.010 5.038 5.047 5.033 5.036 5.056 5.031 5.098 5.064 5.071
0.408 0.408 0.407 0.406 0.406 0.405 0.404 0.404 0.403 0.402 0.401 0.400 0.399 0.399 0.398 0.397 0.396 0.394 0.393 0.392 0.391 0.390 0.389 0.388 0.387 0.386 0.386 0.385 0.384 0.383 0.383 0.382 0.382 0.382 0.381 0.381 0.381 0.381 0.380 0.380 0.380 0.380 0.380 0.380 0.380 0.379 0.379 0.379 0.378 0.378 0.377 0.376 0.375 0.374 0.373 0.371 0.369 0.366 0.363 0.359 0.355 0.349 0.344 0.341 0.307 0.143 5.055 4.950 5.044 4.972 5.052 5.061 5.058 5.039 5.149 5.076 5.095
0.406 0.405 0.405 0.404 0.403 0.403 0.402 0.401 0.400 0.399 0.399 0.398 0.397 0.396 0.395 0.394 0.392 0.391 0.390 0.389 0.388 0.387 0.386 0.385 0.384 0.383 0.382 0.381 0.381 0.380 0.379 0.379 0.379 0.378 0.378 0.378 0.378 0.378 0.378 0.377 0.377 0.377 0.377 0.377 0.377 0.377 0.376 0.376 0.376 0.375 0.374 0.374 0.373 0.371 0.370 0.368 0.366 0.363 0.359 0.356 0.353 0.347 0.336 0.312 0.115 4.999 5.028 4.961 5.057 5.020 5.078 5.074 5.117 5.122 5.209 5.018 5.111
0.403 0.403 0.402 0.401 0.401 0.400 0.399 0.398 0.398 0.397 0.396 0.395 0.394 0.393 0.392 0.390 0.389 0.388 0.387 0.386 0.385 0.383 0.382 0.381 0.380 0.379 0.378 0.378 0.377 0.376 0.376 0.376 0.375 0.375 0.375 0.375 0.375 0.375 0.375 0.375 0.375 0.375 0.374 0.374 0.374 0.374 0.374 0.374 0.373 0.373 0.372 0.371 0.370 0.369 0.367 0.365 0.362 0.359 0.356 0.354 0.351 0.339 0.324 0.285 0.031 4.969 5.010 4.938 5.066 5.064 5.100 5.057 5.036 5.038 5.147 4.891 5.073
0.401 0.400 0.400 0.399 0.398 0.397 0.397 0.396 0.395 0.394 0.393 0.392 0.391 0.390 0.388 0.387 0.386 0.385 0.383 0.382 0.381 0.380 0.379 0.377 0.376 0.375 0.375 0.374 0.373 0.373 0.372 0.372 0.372 0.372 0.372 0.372 0.372 0.372 0.372 0.372 0.372 0.372 0.372 0.372 0.372 0.371 0.371 0.371 0.370 0.370 0.369 0.368 0.367 0.366 0.364 0.362 0.359 0.356 0.353 0.351 0.341 0.326 0.317 0.119 5.010 4.991 5.018 4.939 5.066 5.043 5.078 5.067 5.044 5.064 5.123 4.798 0.184
0.398 0.398 0.397 0.396 0.396 0.395 0.394 0.393 0.392 0.391 0.390 0.389 0.388 0.386 0.385 0.384 0.382 0.381 0.380 0.378 0.377 0.376 0.375 0.373 0.372 0.371 0.371 0.370 0.369 0.369 0.368 0.368 0.368 0.368 0.368 0.368 0.368 0.368 0.369 0.369 0.369 0.369 0.369 0.369 0.369 0.369 0.369 0.368 0.368 0.367 0.367 0.366 0.364 0.363 0.361 0.359 0.356 0.352 0.349 0.344 0.331 0.334 0.352 -9999.000 4.960 4.978 5.057 4.985 5.104 5.051 5.130 5.055 5.053 5.103 5.121 -9999.000 0.138
0.396 0.395 0.394 0.394 0.393 0.392 0.391 0.390 0.389 0.388 0.387 0.385 0.384 0.383 0.382 0.380 0.379 0.377 0.376 0.374 0.373 0.372 0.370 0.369 0.368 0.367 0.366 0.366 0.365 0.365 0.364 0.364 0.364 0.364 0.365 0.365 0.365 0.365 0.366 0.366 0.366 0.366 0.366 0.366 0.366 0.366 0.366 0.366 0.365 0.365 0.364 0.363 0.362 0.360 0.358 0.355 0.352 0.349 0.345 0.339 0.332 0.355 -9999.000 5.017 4.996 4.993 5.041 4.965 5.145 5.070 5.119 4.980 5.075 5.100 5.081 0.086 0.128
0.393 0.392 0.392 0.391 0.390 0.389 0.388 0.387 0.386 0.385 0.383 0.382 0.381 0.379 0.378 0.376 0.375 0.373 0.372 0.370 0.369 0.367 0.366 0.365 0.364 0.363 0.362 0.361 0.361 0.360 0.360 0.360 0.361 0.361 0.361 0.361 0.362 0.362 0.363 0.363 0.363 0.363 0.364 0.364 0.364 0.364 0.363 0.363 0.363 0.362 0.361 0.360 0.359 0.357 0.355 0.352 0.349 0.345 0.341 0.335 0.323 0.321 0.119 4.991 4.998 4.994 5.106 5.005 5.101 5.023 5.083 5.023 5.069 5.018 0.057 0.123 0.135
0.390 0.390 0.389 0.388 0.387 0.386 0.385 0.384 0.383 0.381 0.380 0.379 0.377 0.375 0.374 0.372 0.371 0.369 0.367 0.366 0.364 0.362 0.361 0.360 0.359 0.358 0.357 0.357 0.356 0.356 0.356 0.356 0.357 0.357 0.358 0.358 0.359 0.359 0.360 0.360 0.360 0.361 0.361 0.361 0.361 0.361 0.361 0.361 0.360 0.359 0.359 0.357 0.356 0.354 0.352 0.349 0.345 0.341 0.338 0.332 0.332 0.314 -9999.000 4.948 5.003 4.993 5.095 5.038 5.130 5.018 5.064 5.037 5.025 0.152 0.123 0.134 0.147
0.387 0.387 0.386 0.385 0.384 0.383 0.382 0.380 0.379 0.378 0.376 0.375 0.373 0.371 0.370 0.368 0.366 0.364 0.362 0.361 0.359 0.357 0.356 0.355 0.354 0.353 0.352 0.352 0.351 0.352 0.352 0.352 0.353 0.353 0.354 0.355 0.355 0.356 0.357 0.357 0.358 0.358 0.358 0.358 0.359 0.359 0.358 0.358 0.357 0.357 0.356 0.355 0.353 0.351 0.348 0.345 0.342 0.338 0.332 0.327 0.329 0.063 5.018 4.969 5.018 5.001 5.065 5.059 5.082 5.015 5.043 5.069 5.060 0.200 0.185 0.162 0.163
0.385 0.384 0.383 0.382 0.381 0.380 0.378 0.377 0.376 0.374 0.372 0.371 0.369 0.367 0.365 0.363 0.361 0.359 0.357 0.355 0.354 0.352 0.350 0.349 0.348 0.347 0.347 0.347 0.347 0.347 0.347 0.348 0.349 0.350 0.351 0.351 0.352 0.353 0.354 0.354 0.355 0.355 0.356 0.356 0.356 0.356 0.356 0.355 0.355 0.354 0.353 0.352 0.350 0.348 0.345 0.342 0.339 0.334 0.322 0.311 0.300 0.133 4.995 4.981 5.022 5.009 5.037 5.091 5.094 5.065 5.076 5.095 -9999.000 0.191 0.173 0.167 0.171
0.382 0.381 0.380 0.379 0.378 0.376 0.375 0.373 0.372 0.370 0.368 0.367 0.365 0.363 0.361 0.358 0.356 0.354 0.352 0.350 0.348 0.346 0.344 0.343 0.342 0.341 0.341 0.341 0.342 0.342 0.343 0.344 0.345 0.346 0.347 0.348 0.349 0.350 0.351 0.352 0.352 0.353 0.353 0.353 0.353 0.353 0.353 0.353 0.352 0.352 0.350 0.349 0.347 0.345 0.342 0.339 0.335 0.327 0.317 0.308 0.286 -9999.000 4.954 4.980 5.021 5.014 5.046 5.067 5.024 5.091 5.063 5.121 0.379 0.224 0.177 0.179 0.182
0.379 0.378 0.377 0.375 0.374 0.373 0.371 0.370 0.368 0.366 0.364 0.362 0.360 0.358 0.355 0.353 0.351 0.348 0.346 0.344 0.342 0.340 0.338 0.337 0.336 0.335 0.335 0.336 0.337 0.338 0.339 0.340 0.341 0.343 0.344 0.345 0.346 0.347 0.348 0.349 0.350 0.350 0.351 0.351 0.351 0.351 0.351 0.350 0.350 0.349 0.348 0.346 0.344 0.342 0.339 0.335 0.331 0.324 0.314 0.294 0.102 5.034 4.983 4.989 5.018 5.024 5.057 5.066 5.038 5.082 5.004 5.105 0.163 0.180 0.188 0.192 0.188
0.376 0.374 0.373 0.372 0.371 0.369 0.367 0.366 0.364 0.362 0.360 0.357 0.355 0.352 0.350 0.347 0.345 0.342 0.339 0.337 0.335 0.333 0.331 0.330 0.329 0.329 0.329 0.330 0.331 0.333 0.335 0.336 0.338 0.339 0.341 0.342 0.343 0.344 0.345 0.346 0.347 0.348 0.348 0.348 0.349 0.349 0.348 0.348 0.347 0.346 0.345 0.343 0.341 0.339 0.335 0.331 0.327 0.319 0.307 0.285 0.112 5.038 5.075 5.064 5.044 5.046 5.048 5.115 5.108 5.120 5.089 0.183 0.191 0.208 0.209 0.199 0.191
0.372 0.371 0.370 0.368 0.367 0.365 0.363 0.361 0.359 0.357 0.355 0.352 0.349 0.347 0.344 0.341 0.338 0.335 0.332 0.329 0.327 0.325 0.323 0.322 0.322 0.322 0.323 0.324 0.326 0.328 0.330 0.332 0.334 0.336 0.338 0.339 0.340 0.342 0.343 0.344 0.345 0.345 0.346 0.346 0.346 0.346 0.346 0.345 0.345 0.344 0.342 0.340 0.338 0.335 0.332 0.327 0.323 0.316 0.300 0.275 0.029 5.015 5.036 5.062 5.107 5.108 5.095 5.174 5.154 5.145 5.171 0.186 0.192 0.204 0.204 0.197 0.194
0.369 0.368 0.366 0.365 0.363 0.361 0.359 0.357 0.355 0.352 0.349 0.346 0.343 0.340 0.337 0.334 0.330 0.327 0.324 0.321 0.318 0.316 0.315 0.314 0.314 0.315 0.316 0.318 0.320 0.323 0.326 0.328 0.331 0.333 0.335 0.336 0.338 0.339 0.340 0.341 0.342 0.343 0.343 0.344 0.344 0.344 0.344 0.343 0.342 0.341 0.340 0.338 0.335 0.332 0.328 0.324 0.321 0.311 0.293 0.112 5.005 5.024 5.033 5.057 5.102 5.109 5.135 5.193 5.190 5.167 5.207 0.212 0.203 0.208 0.204 0.199 0.198
0.366 0.364 0.363 0.361 0.359 0.357 0.354 0.352 0.349 0.347 0.344 0.340 0.337 0.333 0.330 0.326 0.322 0.318 0.315 0.311 0.309 0.307 0.305 0.305 0.305 0.307 0.309 0.312 0.315 0.319 0.322 0.325 0.328 0.330 0.333 0.334 0.336 0.337 0.338 0.339 0.340 0.340 0.341 0.341 0.341 0.341 0.341 0.341 0.340 0.338 0.337 0.335 0.332 0.329 0.325 0.322 0.314 0.300 0.280 0.113 4.987 5.008 5.032 5.088 5.076 5.095 5.141 5.169 5.209 5.163 5.162 0.218 0.208 0.207 0.205 0.203 0.201
0.362 0.360 0.359 0.357 0.354 0.352 0.350 0.347 0.344 0.341 0.337 0.334 0.330 0.326 0.321 0.317 0.313 0.308 0.304 0.300 0.297 0.295 0.294 0.295 0.296 0.299 0.302 0.306 0.311 0.314 0.318 0.321 0.324 0.327 0.330 0.332 0.334 0.335 0.336 0.337 0.338 0.338 0.339 0.339 0.339 0.339 0.339 0.338 0.337 0.336 0.334 0.332 0.329 0.326 0.322 0.316 0.303 0.294 0.279 0.052 4.929 4.947 5.057 5.132 5.095 5.111 5.114 5.147 5.193 5.174 0.178 0.190 0.203 0.206 0.207 0.205 0.204
0.358 0.356 0.354 0.352 0.350 0.347 0.344 0.341 0.338 0.334 0.330 0.326 0.322 0.317 0.312 0.307 0.302 0.296 0.292 0.287 0.284 0.283 0.282 0.284 0.287 0.291 0.296 0.301 0.306 0.311 0.314 0.318 0.321 0.324 0.327 0.329 0.331 0.333 0.334 0.335 0.336 0.336 0.337 0.337 0.337 0.337 0.336 0.336 0.335 0.333 0.331 0.329 0.326 0.322 0.318 0.310 0.299 0.274 -9999.000 5.089 5.006 4.987 5.052 5.103 5.124 5.139 5.126 5.163 5.200 5.208 0.187 0.187 0.204 0.207 0.206 0.206 0.206
0.354 0.352 0.350 0.347 0.345 0.342 0.339 0.335 0.331 0.327 0.322 0.318 0.312 0.307 0.301 0.295 0.289 0.282 0.276 0.271 0.268 0.267 0.269 0.272 0.277 0.283 0.290 0.296 0.302 0.308 0.312 0.316 0.319 0.322 0.324 0.327 0.329 0.331 0.332 0.333 0.334 0.334 0.334 0.335 0.335 0.334 0.334 0.333 0.332 0.330 0.328 0.326 0.322 0.319 0.313 0.304 0.288 0.257 0.123 5.046 5.037 5.030 5.031 5.087 5.125 5.153 5.154 5.175 5.192 5.203 0.203 0.207 0.207 0.206 0.208 0.209 0.210
0.350 0.348 0.345 0.342 0.339 0.336 0.332 0.328 0.324 0.319 0.314 0.308 0.302 0.295 0.288 0.280 0.272 0.263 0.255 0.250 0.248 0.249 0.253 0.259 0.267 0.275 0.285 0.293 0.298 0.304 0.310 0.315 0.319 0.321 0.323 0.325 0.326 0.328 0.330 0.331 0.332 0.332 0.333 0.333 0.333 0.332 0.332 0.331 0.329 0.328 0.326 0.323 0.319 0.314 0.308 0.301 0.283 0.234 0.166 5.013 5.085 5.091 5.019 5.076 5.108 5.151 5.135 5.146 5.165 0.135 0.202 0.204 0.209 0.212 0.212 0.212 0.213
0.346 0.343 0.340 0.337 0.333 0.329 0.325 0.320 0.315 0.310 0.303 0.296 0.288 0.280 0.273 0.262 0.250 0.235 0.223 0.219 0.220 0.227 0.236 0.245 0.254 0.271 0.284 0.293 0.299 0.304 0.310 0.315 0.319 0.322 0.324 0.325 0.325 0.327 0.328 0.329 0.330 0.331 0.331 0.331 0.330 0.330 0.329 0.328 0.327 0.325 0.323 0.319 0.315 0.310 0.303 0.293 0.275 0.088 5.118 5.067 5.090 5.109 5.069 5.106 5.131 5.168 5.166 5.201 5.198 0.230 0.207 0.210 0.213 0.214 0.214 0.214 0.215
0.341 0.338 0.334 0.331 0.327 0.322 0.317 0.311 0.305 0.299 0.290 0.280 0.270 0.261 0.254 0.235 0.213 0.141 0.129 0.145 0.171 0.202 0.218 0.229 0.246 0.271 0.287 0.296 0.303 0.309 0.313 0.316 0.319 0.322 0.324 0.325 0.326 0.326 0.327 0.328 0.328 0.329 0.329 0.329 0.328 0.328 0.327 0.326 0.324 0.322 0.319 0.316 0.312 0.306 0.297 0.286 0.273 0.112 5.069 5.078 5.096 5.099 5.088 5.100 5.128 5.175 5.178 5.199 5.166 0.224 0.213 0.212 0.215 0.216 0.216 0.217 0.218
0.336 0.332 0.328 0.324 0.319 0.314 0.308 0.301 0.294 0.285 0.272 0.260 0.242 0.231 0.233 0.130 0.051 5.078 5.108 5.126 5.135 5.177 0.168 0.208 0.232 0.280 0.283 0.293 0.306 0.314 0.318 0.319 0.318 0.319 0.321 0.323 0.325 0.325 0.325 0.326 0.327 0.327 0.327 0.327 0.326 0.326 0.325 0.323 0.322 0.319 0.316 0.312 0.308 0.301 0.291 0.286 0.276 0.042 5.048 5.099 5.109 5.079 5.103 5.134 5.137 5.202 5.194 5.202 0.120 0.199 0.216 0.220 0.219 0.219 0.219 0.220 0.221
0.330 0.326 0.322 0.317 0.311 0.304 0.297 0.290 0.282 0.268 0.246 0.225 0.132 0.104 -9999.000 5.019 5.034 5.073 5.105 5.119 5.124 5.160 5.159 5.179 5.222 5.232 0.258 0.287 0.306 0.317 0.319 0.324 0.322 0.319 0.318 0.319 0.321 0.323 0.324 0.324 0.325 0.326 0.325 0.325 0.324 0.324 0.322 0.321 0.319 0.316 0.313 0.309 0.303 0.296 0.287 0.287 0.136 5.090 5.039 5.080 5.092 5.113 5.173 5.191 5.181 5.237 5.221 5.224 0.273 0.206 0.217 0.222 0.222 0.222 0.222 0.223 0.224
0.324 0.319 0.314 0.308 0.301 0.293 0.284 0.276 0.270 0.237 0.143 0.017 4.999 5.026 5.032 5.046 5.048 5.077 5.094 5.095 5.097 5.136 5.162 5.189 5.211 5.210 5.215 5.251 5.280 0.314 0.323 0.333 0.330 0.323 0.318 0.317 0.318 0.321 0.322 0.323 0.324 0.324 0.324 0.323 0.322 0.321 0.320 0.318 0.316 0.313 0.310 0.305 0.299 0.290 0.277 0.264 0.124 5.020 5.032 5.061 5.107 5.101 5.156 5.178 5.165 5.232 5.224 5.240 0.233 0.214 0.225 0.226 0.225 0.225 0.226 0.227 0.228
0.317 0.311 0.305 0.299 0.290 0.279 0.269 0.256 0.269 0.024 4.973 4.988 5.000 5.018 5.030 5.054 5.048 5.065 5.091 5.083 5.085 5.126 5.149 5.189 5.198 5.210 5.212 5.244 5.251 5.286 5.305 5.351 0.338 0.324 0.317 0.314 0.315 0.318 0.321 0.321 0.322 0.322 0.322 0.322 0.321 0.319 0.317 0.315 0.313 0.310 0.306 0.302 0.295 0.285 0.273 0.255 -9999.000 5.024 5.004 5.100 5.110 5.117 5.147 5.190 5.167 5.243 5.234 0.161 0.236 0.228 0.229 0.228 0.227 0.228 0.229 0.230 0.231
0.308 0.301 0.294 0.288 0.274 0.254 0.251 0.140 0.020 4.896 4.968 4.987 5.001 5.012 5.021 5.043 5.067 5.059 5.078 5.075 5.076 5.105 5.130 5.149 5.149 5.202 5.204 5.238 5.253 5.303 5.312 5.357 0.346 0.323 0.320 0.313 0.312 0.313 0.316 0.319 0.320 0.321 0.320 0.320 0.319 0.317 0.315 0.313 0.310 0.307 0.303 0.297 0.289 0.279 0.262 0.129 5.130 5.000 5.074 5.131 5.127 5.167 5.199 5.236 5.199 5.266 5.262 0.246 0.236 0.233 0.231 0.231 0.231 0.232 0.233 0.234 0.235
0.299 0.290 0.282 0.276 0.241 0.138 -9999.000 4.938 4.927 4.929 4.981 4.987 4.982 5.002 5.009 5.027 5.052 5.040 5.066 5.063 5.075 5.100 5.115 5.119 5.118 5.177 5.178 5.231 5.249 5.275 5.297 5.335 5.325 0.352 0.319 0.320 0.317 0.315 0.313 0.315 0.318 0.319 0.319 0.318 0.316 0.315 0.312 0.310 0.307 0.303 0.299 0.292 0.285 0.276 0.248 0.061 5.094 5.046 5.129 5.089 5.115 5.145 5.182 5.195 5.192 5.226 5.240 0.257 0.240 0.233 0.234 0.235 0.236 0.236 0.237 0.238 0.238
0.286 0.277 0.264 0.257 0.016 4.915 4.936 4.935 4.921 4.935 4.969 4.975 4.983 4.990 5.003 5.009 5.031 5.009 5.013 5.018 5.039 5.067 5.076 5.087 5.099 5.151 5.164 5.219 5.233 5.252 5.276 5.292 5.289 5.335 0.337 0.326 0.319 0.317 0.314 0.313 0.315 0.317 0.317 0.316 0.314 0.312 0.310 0.307 0.303 0.299 0.294 0.288 0.279 0.269 0.243 0.083 5.095 5.108 5.158 5.106 5.152 5.156 5.188 5.174 5.208 5.249 0.170 0.237 0.237 0.238 0.239 0.240 0.240 0.240 0.241 0.241 0.242
0.263 0.254 0.143 -9999.000 4.835 4.912 4.927 4.946 4.941 4.951 4.951 4.960 4.984 4.987 5.005 4.992 5.024 4.995 4.986 5.000 5.012 5.031 5.032 5.057 5.091 5.120 5.142 5.172 5.193 5.227 5.257 5.261 5.270 5.336 0.418 0.359 0.321 0.314 0.312 0.310 0.311 0.314 0.315 0.314 0.312 0.309 0.307 0.303 0.300 0.295 0.290 0.282 0.271 0.256 0.107 5.081 5.095 5.084 5.129 5.092 5.184 5.159 5.187 5.208 5.261 5.311 0.300 0.256 0.249 0.245 0.243 0.243 0.243 0.244 0.245 0.245 0.246
0.141 -9999.000 4.885 4.895 4.901 4.903 4.903 4.928 4.927 4.944 4.948 4.960 4.978 4.989 4.995 4.984 5.017 4.991 4.943 4.944 4.959 4.989 4.996 5.015 5.043 5.066 5.118 5.143 5.166 5.211 5.253 5.244 5.255 5.300 5.265 0.336 0.325 0.314 0.310 0.308 0.308 0.310 0.312 0.311 0.309 0.307 0.304 0.300 0.296 0.290 0.283 0.274 0.263 0.244 0.071 5.099 5.084 5.104 5.086 5.112 5.198 5.147 5.207 5.231 5.235 5.278 0.274 0.263 0.251 0.247 0.248 0.248 0.247 0.248 0.249 0.249 0.249
4.890 4.913 4.886 4.876 4.910 4.904 4.900 4.922 4.923 4.949 4.953 4.958 4.973 4.986 4.978 4.983 5.001 5.003 4.934 4.873 4.915 4.948 4.967 4.975 4.999 5.018 5.079 5.093 5.139 5.178 5.231 5.228 5.253 5.285 5.286 5.310 0.316 0.319 0.313 0.308 0.308 0.309 0.310 0.308 0.306 0.303 0.300 0.296 0.291 0.285 0.276 0.265 0.256 0.236 0.017 5.043 5.090 5.130 5.108 5.142 5.203 5.161 5.246 5.230 5.234 0.213 0.249 0.254 0.252 0.251 0.251 0.251 0.251 0.252 0.252 0.253 0.253
