Test 3 - Meandering channel/Flood Modeller/Q2000_depth.1.00.asc
ncols         450
nrows         200
xllcorner     500
yllcorner     500
cellsize      20
NODATA_value  -9999
[rows 0 to 33 of 200, columns 154 to 230 of 450]
-9999.000 -9999.000 -9999.000 -9999.000 -9999.000 -9999.000 -9999.000 -9999.000 -9999.000 -9999.000 -9999.000 -9999.000 -9999.000 -9999.000 -9999.000 -9999.000 -9999.000 -9999.000 -9999.000 -9999.000 -9999.000 -9999.000 -9999.000 -9999.000 -9999.000 -9999.000 -9999.000 -9999.000 -9999.000 -9999.000 -9999.000 -9999.000 -9999.000 -9999.000 -9999.000 -9999.000 -9999.000 -9999.000 -9999.000 -9999.000 -9999.000 -9999.000 -9999.000 -9999.000 -9999.000 -9999.000 -9999.000 -9999.000 -9999.000 -9999.000 -9999.000 -9999.000 -9999.000 -9999.000 -9999.000 -9999.000 -9999.000 -9999.000 -9999.000 -9999.000 -9999.000 -9999.000 -9999.000 -9999.000 -9999.000 -9999.000 -9999.000 -9999.000 -9999.000 -9999.000 -9999.000 -9999.000 -9999.000 -9999.000 -9999.000 -9999.000 -9999.000
0.474 0.474 0.473 0.473 0.473 0.473 0.472 0.472 0.472 0.471 0.471 0.471 0.471 0.470 0.470 0.470 0.469 0.469 0.469 0.468 0.468 0.468 0.467 0.467 0.467 0.467 0.466 0.466 0.466 0.465 0.465 0.465 0.464 0.464 0.463 0.463 0.463 0.462 0.462 0.462 0.461 0.461 0.461 0.460 0.460 0.460 0.459 0.459 0.458 0.458 0.458 0.457 0.457 0.457 0.456 0.456 0.455 0.455 0.455 0.454 0.454 0.453 0.453 0.453 0.452 0.452 0.451 0.451 0.450 0.450 0.449 0.449 0.448 0.448 0.447 0.447 0.446
0.474 0.474 0.473 0.473 0.473 0.473 0.472 0.472 0.472 0.471 0.471 0.471 0.471 0.470 0.470 0.470 0.469 0.469 0.469 0.468 0.468 0.468 0.467 0.467 0.467 0.466 0.466 0.466 0.465 0.465 0.465 0.464 0.464 0.464 0.463 0.463 0.463 0.462 0.462 0.462 0.461 0.461 0.461 0.460 0.460 0.460 0.459 0.459 0.458 0.458 0.458 0.457 0.457 0.457 0.456 0.456 0.455 0.455 0.455 0.454 0.454 0.453 0.453 0.452 0.452 0.452 0.451 0.451 0.450 0.450 0.449 0.449 0.448 0.448 0.447 0.447 0.446
0.474 0.474 0.473 0.473 0.473 0.473 0.472 0.472 0.472 0.471 0.471 0.471 0.471 0.470 0.470 0.470 0.469 0.469 0.469 0.468 0.468 0.468 0.467 0.467 0.467 0.466 0.466 0.466 0.465 0.465 0.465 0.464 0.464 0.464 0.463 0.463 0.463 0.462 0.462 0.462 0.461 0.461 0.461 0.460 0.460 0.460 0.459 0.459 0.458 0.458 0.458 0.457 0.457 0.457 0.456 0.456 0.455 0.455 0.455 0.454 0.454 0.453 0.453 0.452 0.452 0.452 0.451 0.451 0.450 0.450 0.449 0.449 0.448 0.448 0.447 0.447 0.446
0.474 0.474 0.473 0.473 0.473 0.473 0.472 0.472 0.472 0.471 0.471 0.471 0.470 0.470 0.470 0.470 0.469 0.469 0.469 0.468 0.468 0.468 0.467 0.467 0.467 0.466 0.466 0.466 0.465 0.465 0.465 0.464 0.464 0.464 0.463 0.463 0.463 0.462 0.462 0.462 0.461 0.461 0.461 0.460 0.460 0.459 0.459 0.459 0.458 0.458 0.458 0.457 0.457 0.456 0.456 0.456 0.455 0.455 0.454 0.454 0.454 0.453 0.453 0.452 0.452 0.451 0.451 0.451 0.450 0.450 0.449 0.449 0.448 0.448 0.447 0.447 0.446
0.474 0.474 0.473 0.473 0.473 0.472 0.472 0.472 0.472 0.471 0.471 0.471 0.470 0.470 0.470 0.469 0.469 0.469 0.469 0.468 0.468 0.468 0.467 0.467 0.467 0.466 0.466 0.466 0.465 0.465 0.465 0.464 0.464 0.464 0.463 0.463 0.463 0.462 0.462 0.461 0.461 0.461 0.460 0.460 0.460 0.459 0.459 0.459 0.458 0.458 0.457 0.457 0.457 0.456 0.456 0.456 0.455 0.455 0.454 0.454 0.454 0.453 0.453 0.452 0.452 0.451 0.451 0.450 0.450 0.449 0.449 0.449 0.448 0.447 0.447 0.446 0.446
0.474 0.473 0.473 0.473 0.473 0.472 0.472 0.472 0.471 0.471 0.471 0.471 0.470 0.470 0.470 0.469 0.469 0.469 0.468 0.468 0.468 0.467 0.467 0.467 0.466 0.466 0.466 0.465 0.465 0.465 0.464 0.464 0.464 0.463 0.463 0.463 0.462 0.462 0.462 0.461 0.461 0.461 0.460 0.460 0.460 0.459 0.459 0.458 0.458 0.458 0.457 0.457 0.457 0.456 0.456 0.455 0.455 0.455 0.454 0.454 0.453 0.453 0.453 0.452 0.452 0.451 0.451 0.450 0.450 0.449 0.449 0.448 0.448 0.447 0.447 0.446 0.446
0.474 0.473 0.473 0.473 0.473 0.472 0.472 0.472 0.471 0.471 0.471 0.470 0.470 0.470 0.470 0.469 0.469 0.469 0.468 0.468 0.468 0.467 0.467 0.467 0.466 0.466 0.466 0.465 0.465 0.465 0.464 0.464 0.464 0.463 0.463 0.463 0.462 0.462 0.462 0.461 0.461 0.460 0.460 0.460 0.459 0.459 0.459 0.458 0.458 0.458 0.457 0.457 0.456 0.456 0.456 0.455 0.455 0.454 0.454 0.454 0.453 0.453 0.452 0.452 0.451 0.451 0.451 0.450 0.450 0.449 0.449 0.448 0.448 0.447 0.447 0.446 0.445
0.474 0.473 0.473 0.473 0.472 0.472 0.472 0.472 0.471 0.471 0.471 0.470 0.470 0.470 0.469 0.469 0.469 0.468 0.468 0.468 0.467 0.467 0.467 0.467 0.466 0.466 0.466 0.465 0.465 0.465 0.464 0.464 0.463 0.463 0.463 0.462 0.462 0.462 0.461 0.461 0.461 0.460 0.460 0.460 0.459 0.459 0.458 0.458 0.458 0.457 0.457 0.457 0.456 0.456 0.455 0.455 0.455 0.454 0.454 0.453 0.453 0.453 0.452 0.452 0.451 0.451 0.450 0.450 0.449 0.449 0.448 0.448 0.447 0.447 0.446 0.446 0.445
0.473 0.473 0.473 0.473 0.472 0.472 0.472 0.471 0.471 0.471 0.470 0.470 0.470 0.470 0.469 0.469 0.469 0.468 0.468 0.468 0.467 0.467 0.467 0.466 0.466 0.466 0.465 0.465 0.465 0.464 0.464 0.464 0.463 0.463 0.463 0.462 0.462 0.462 0.461 0.461 0.460 0.460 0.460 0.459 0.459 0.459 0.458 0.458 0.458 0.457 0.457 0.456 0.456 0.456 0.455 0.455 0.454 0.454 0.454 0.453 0.453 0.452 0.452 0.451 0.451 0.451 0.450 0.450 0.449 0.449 0.448 0.448 0.447 0.447 0.446 0.445 0.445
0.473 0.473 0.473 0.472 0.472 0.472 0.471 0.471 0.471 0.471 0.470 0.470 0.470 0.469 0.469 0.469 0.468 0.468 0.468 0.467 0.467 0.467 0.466 0.466 0.466 0.465 0.465 0.465 0.464 0.464 0.464 0.463 0.463 0.463 0.462 0.462 0.462 0.461 0.461 0.461 0.460 0.460 0.459 0.459 0.459 0.458 0.458 0.458 0.457 0.457 0.457 0.456 0.456 0.455 0.455 0.455 0.454 0.454 0.453 0.453 0.452 0.452 0.452 0.451 0.451 0.450 0.450 0.449 0.449 0.448 0.448 0.447 0.447 0.446 0.446 0.445 0.445
0.473 0.473 0.472 0.472 0.472 0.472 0.471 0.471 0.471 0.470 0.470 0.470 0.469 0.469 0.469 0.468 0.468 0.468 0.468 0.467 0.467 0.467 0.466 0.466 0.466 0.465 0.465 0.465 0.464 0.464 0.464 0.463 0.463 0.462 0.462 0.462 0.461 0.461 0.461 0.460 0.460 0.460 0.459 0.459 0.458 0.458 0.458 0.457 0.457 0.457 0.456 0.456 0.455 0.455 0.455 0.454 0.454 0.453 0.453 0.453 0.452 0.452 0.451 0.451 0.450 0.450 0.450 0.449 0.449 0.448 0.448 0.447 0.446 0.446 0.445 0.445 0.444
0.473 0.473 0.472 0.472 0.472 0.471 0.471 0.471 0.470 0.470 0.470 0.470 0.469 0.469 0.469 0.468 0.468 0.468 0.467 0.467 0.467 0.466 0.466 0.466 0.465 0.465 0.465 0.464 0.464 0.464 0.463 0.463 0.463 0.462 0.462 0.461 0.461 0.461 0.460 0.460 0.460 0.459 0.459 0.459 0.458 0.458 0.457 0.457 0.457 0.456 0.456 0.456 0.455 0.455 0.454 0.454 0.454 0.453 0.453 0.452 0.452 0.451 0.451 0.451 0.450 0.450 0.449 0.449 0.448 0.448 0.447 0.447 0.446 0.446 0.445 0.444 0.444
0.473 0.472 0.472 0.472 0.471 0.471 0.471 0.471 0.470 0.470 0.470 0.469 0.469 0.469 0.468 0.468 0.468 0.467 0.467 0.467 0.466 0.466 0.466 0.465 0.465 0.465 0.464 0.464 0.464 0.463 0.463 0.463 0.462 0.462 0.462 0.461 0.461 0.460 0.460 0.460 0.459 0.459 0.459 0.458 0.458 0.458 0.457 0.457 0.456 0.456 0.456 0.455 0.455 0.454 0.454 0.454 0.453 0.453 0.452 0.452 0.452 0.451 0.451 0.450 0.450 0.449 0.449 0.448 0.448 0.447 0.447 0.446 0.446 0.445 0.445 0.444 0.443
0.472 0.472 0.472 0.471 0.471 0.471 0.471 0.470 0.470 0.470 0.469 0.469 0.469 0.468 0.468 0.468 0.467 0.467 0.467 0.466 0.466 0.466 0.465 0.465 0.465 0.464 0.464 0.464 0.463 0.463 0.463 0.462 0.462 0.462 0.461 0.461 0.460 0.460 0.460 0.459 0.459 0.459 0.458 0.458 0.458 0.457 0.457 0.456 0.456 0.456 0.455 0.455 0.454 0.454 0.454 0.453 0.453 0.452 0.452 0.452 0.451 0.451 0.450 0.450 0.449 0.449 0.448 0.448 0.447 0.447 0.446 0.446 0.445 0.445 0.444 0.443 0.443
0.472 0.472 0.472 0.471 0.471 0.471 0.470 0.470 0.470 0.469 0.469 0.469 0.468 0.468 0.468 0.467 0.467 0.467 0.466 0.466 0.466 0.465 0.465 0.465 0.464 0.464 0.464 0.463 0.463 0.463 0.462 0.462 0.462 0.461 0.461 0.460 0.460 0.460 0.459 0.459 0.459 0.458 0.458 0.458 0.457 0.457 0.456 0.456 0.456 0.455 0.455 0.454 0.454 0.454 0.453 0.453 0.452 0.452 0.452 0.451 0.451 0.450 0.450 0.449 0.449 0.448 0.448 0.447 0.447 0.446 0.446 0.445 0.445 0.444 0.444 0.443 0.442
0.472 0.472 0.471 0.471 0.471 0.470 0.470 0.470 0.469 0.469 0.469 0.468 0.468 0.468 0.467 0.467 0.467 0.466 0.466 0.466 0.465 0.465 0.465 0.464 0.464 0.464 0.463 0.463 0.463 0.462 0.462 0.462 0.461 0.461 0.460 0.460 0.460 0.459 0.459 0.459 0.458 0.458 0.458 0.457 0.457 0.456 0.456 0.456 0.455 0.455 0.454 0.454 0.454 0.453 0.453 0.452 0.452 0.452 0.451 0.451 0.450 0.450 0.449 0.449 0.448 0.448 0.448 0.447 0.446 0.446 0.445 0.445 0.444 0.444 0.443 0.442 0.442
0.472 0.471 0.471 0.471 0.470 0.470 0.470 0.469 0.469 0.469 0.468 0.468 0.468 0.467 0.467 0.467 0.466 0.466 0.466 0.465 0.465 0.465 0.464 0.464 0.464 0.463 0.463 0.463 0.462 0.462 0.461 0.461 0.461 0.460 0.460 0.460 0.459 0.459 0.459 0.458 0.458 0.457 0.457 0.457 0.456 0.456 0.456 0.455 0.455 0.454 0.454 0.454 0.453 0.453 0.452 0.452 0.452 0.451 0.451 0.450 0.450 0.449 0.449 0.448 0.448 0.448 0.447 0.447 0.446 0.445 0.445 0.444 0.444 0.443 0.442 0.442 0.441
0.471 0.471 0.471 0.470 0.470 0.470 0.469 0.469 0.469 0.468 0.468 0.468 0.467 0.467 0.467 0.466 0.466 0.466 0.465 0.465 0.465 0.464 0.464 0.464 0.463 0.463 0.462 0.462 0.462 0.461 0.461 0.461 0.460 0.460 0.460 0.459 0.459 0.459 0.458 0.458 0.457 0.457 0.457 0.456 0.456 0.455 0.455 0.455 0.454 0.454 0.454 0.453 0.453 0.452 0.452 0.451 0.451 0.451 0.450 0.450 0.449 0.449 0.448 0.448 0.447 0.447 0.446 0.446 0.445 0.445 0.444 0.444 0.443 0.443 0.442 0.441 0.441
0.471 0.471 0.470 0.470 0.470 0.469 0.469 0.469 0.468 0.468 0.468 0.467 0.467 0.467 0.466 0.466 0.466 0.465 0.465 0.465 0.464 0.464 0.463 0.463 0.463 0.462 0.462 0.462 0.461 0.461 0.461 0.460 0.460 0.460 0.459 0.459 0.458 0.458 0.458 0.457 0.457 0.457 0.456 0.456 0.455 0.455 0.455 0.454 0.454 0.453 0.453 0.453 0.452 0.452 0.451 0.451 0.451 0.450 0.450 0.449 0.449 0.448 0.448 0.447 0.447 0.446 0.446 0.445 0.445 0.444 0.444 0.443 0.443 0.442 0.441 0.441 0.440
0.471 0.470 0.470 0.470 0.469 0.469 0.469 0.468 0.468 0.468 0.467 0.467 0.466 0.466 0.466 0.465 0.465 0.465 0.464 0.464 0.464 0.463 0.463 0.463 0.462 0.462 0.462 0.461 0.461 0.460 0.460 0.460 0.459 0.459 0.459 0.458 0.458 0.458 0.457 0.457 0.456 0.456 0.456 0.455 0.455 0.454 0.454 0.454 0.453 0.453 0.452 0.452 0.452 0.451 0.451 0.450 0.450 0.450 0.449 0.449 0.448 0.448 0.447 0.447 0.446 0.446 0.445 0.445 0.444 0.444 0.443 0.442 0.442 0.441 0.441 0.440 0.439
0.470 0.470 0.469 0.469 0.469 0.468 0.468 0.468 0.467 0.467 0.467 0.466 0.466 0.466 0.465 0.465 0.465 0.464 0.464 0.464 0.463 0.463 0.463 0.462 0.462 0.461 0.461 0.461 0.460 0.460 0.460 0.459 0.459 0.459 0.458 0.458 0.457 0.457 0.457 0.456 0.456 0.455 0.455 0.455 0.454 0.454 0.454 0.453 0.453 0.452 0.452 0.452 0.451 0.451 0.450 0.450 0.449 0.449 0.449 0.448 0.448 0.447 0.447 0.446 0.446 0.445 0.445 0.444 0.444 0.443 0.442 0.442 0.441 0.440 0.440 0.439 0.438
0.470 0.469 0.469 0.469 0.468 0.468 0.468 0.467 0.467 0.467 0.466 0.466 0.466 0.465 0.465 0.465 0.464 0.464 0.463 0.463 0.463 0.462 0.462 0.462 0.461 0.461 0.461 0.460 0.460 0.459 0.459 0.459 0.458 0.458 0.458 0.457 0.457 0.456 0.456 0.456 0.455 0.455 0.455 0.454 0.454 0.453 0.453 0.453 0.452 0.452 0.451 0.451 0.451 0.450 0.450 0.449 0.449 0.448 0.448 0.447 0.447 0.447 0.446 0.446 0.445 0.445 0.444 0.443 0.443 0.442 0.442 0.441 0.440 0.440 0.439 0.438 0.437
0.469 0.469 0.469 0.468 0.468 0.468 0.467 0.467 0.466 0.466 0.466 0.465 0.465 0.465 0.464 0.464 0.464 0.463 0.463 0.463 0.462 0.462 0.461 0.461 0.461 0.460 0.460 0.460 0.459 0.459 0.459 0.458 0.458 0.457 0.457 0.457 0.456 0.456 0.455 0.455 0.455 0.454 0.454 0.454 0.453 0.453 0.452 0.452 0.452 0.451 0.451 0.450 0.450 0.449 0.449 0.449 0.448 0.448 0.447 0.447 0.446 0.446 0.445 0.445 0.444 0.444 0.443 0.443 0.442 0.442 0.441 0.440 0.440 0.439 0.438 0.437 0.437
0.469 0.468 0.468 0.468 0.467 0.467 0.467 0.466 0.466 0.466 0.465 0.465 0.465 0.464 0.464 0.463 0.463 0.463 0.462 0.462 0.462 0.461 0.461 0.461 0.460 0.460 0.459 0.459 0.459 0.458 0.458 0.458 0.457 0.457 0.456 0.456 0.456 0.455 0.455 0.454 0.454 0.454 0.453 0.453 0.452 0.452 0.452 0.451 0.451 0.450 0.450 0.450 0.449 0.449 0.448 0.448 0.447 0.447 0.447 0.446 0.446 0.445 0.445 0.444 0.444 0.443 0.443 0.442 0.441 0.441 0.440 0.439 0.439 0.438 0.437 0.436 0.436
0.468 0.468 0.468 0.467 0.467 0.467 0.466 0.466 0.465 0.465 0.465 0.464 0.464 0.464 0.463 0.463 0.463 0.462 0.462 0.461 0.461 0.461 0.460 0.460 0.460 0.459 0.459 0.458 0.458 0.458 0.457 0.457 0.457 0.456 0.456 0.455 0.455 0.455 0.454 0.454 0.453 0.453 0.453 0.452 0.452 0.451 0.451 0.451 0.450 0.450 0.449 0.449 0.449 0.448 0.448 0.447 0.447 0.446 0.446 0.445 0.445 0.444 0.444 0.443 0.443 0.442 0.442 0.441 0.441 0.440 0.439 0.439 0.438 0.437 0.436 0.436 0.435
0.468 0.467 0.467 0.467 0.466 0.466 0.466 0.465 0.465 0.465 0.464 0.464 0.463 0.463 0.463 0.462 0.462 0.462 0.461 0.461 0.460 0.460 0.460 0.459 0.459 0.459 0.458 0.458 0.457 0.457 0.457 0.456 0.456 0.455 0.455 0.455 0.454 0.454 0.454 0.453 0.453 0.452 0.452 0.452 0.451 0.451 0.450 0.450 0.449 0.449 0.449 0.448 0.448 0.447 0.447 0.446 0.446 0.446 0.445 0.445 0.444 0.444 0.443 0.443 0.442 0.442 0.441 0.440 0.440 0.439 0.438 0.438 0.437 0.436 0.435 0.435 0.434
0.467 0.467 0.467 0.466 0.466 0.465 0.465 0.465 0.464 0.464 0.464 0.463 0.463 0.462 0.462 0.462 0.461 0.461 0.461 0.460 0.460 0.459 0.459 0.459 0.458 0.458 0.458 0.457 0.457 0.456 0.456 0.456 0.455 0.455 0.454 0.454 0.454 0.453 0.453 0.452 0.452 0.452 0.451 0.451 0.450 0.450 0.450 0.449 0.449 0.448 0.448 0.447 0.447 0.447 0.446 0.446 0.445 0.445 0.444 0.444 0.443 0.443 0.442 0.442 0.441 0.441 0.440 0.439 0.439 0.438 0.438 0.437 0.436 0.435 0.434 0.433 0.433
0.467 0.466 0.466 0.466 0.465 0.465 0.464 0.464 0.464 0.463 0.463 0.463 0.462 0.462 0.461 0.461 0.461 0.460 0.460 0.460 0.459 0.459 0.458 0.458 0.458 0.457 0.457 0.456 0.456 0.456 0.455 0.455 0.454 0.454 0.454 0.453 0.453 0.452 0.452 0.452 0.451 0.451 0.450 0.450 0.450 0.449 0.449 0.448 0.448 0.448 0.447 0.447 0.446 0.446 0.445 0.445 0.444 0.444 0.443 0.443 0.443 0.442 0.441 0.441 0.440 0.440 0.439 0.439 0.438 0.437 0.437 0.436 0.435 0.434 0.433 0.432 0.431
0.466 0.466 0.465 0.465 0.465 0.464 0.464 0.463 0.463 0.463 0.462 0.462 0.461 0.461 0.461 0.460 0.460 0.460 0.459 0.459 0.458 0.458 0.458 0.457 0.457 0.456 0.456 0.456 0.455 0.455 0.454 0.454 0.454 0.453 0.453 0.452 0.452 0.452 0.451 0.451 0.450 0.450 0.450 0.449 0.449 0.448 0.448 0.448 0.447 0.447 0.446 0.446 0.445 0.445 0.445 0.444 0.444 0.443 0.443 0.442 0.442 0.441 0.441 0.440 0.439 0.439 0.438 0.438 0.437 0.436 0.436 0.435 0.434 0.433 0.432 0.431 0.430
0.465 0.465 0.465 0.464 0.464 0.463 0.463 0.463 0.462 0.462 0.462 0.461 0.461 0.460 0.460 0.460 0.459 0.459 0.458 0.458 0.458 0.457 0.457 0.457 0.456 0.456 0.455 0.455 0.455 0.454 0.454 0.453 0.453 0.453 0.452 0.452 0.451 0.451 0.450 0.450 0.450 0.449 0.449 0.448 0.448 0.448 0.447 0.447 0.446 0.446 0.445 0.445 0.445 0.444 0.444 0.443 0.443 0.442 0.442 0.441 0.441 0.440 0.440 0.439 0.439 0.438 0.437 0.437 0.436 0.435 0.434 0.434 0.433 0.432 0.431 0.430 0.429
0.465 0.464 0.464 0.464 0.463 0.463 0.462 0.462 0.462 0.461 0.461 0.460 0.460 0.460 0.459 0.459 0.458 0.458 0.458 0.457 0.457 0.457 0.456 0.456 0.455 0.455 0.455 0.454 0.454 0.453 0.453 0.452 0.452 0.452 0.451 0.451 0.450 0.450 0.450 0.449 0.449 0.448 0.448 0.448 0.447 0.447 0.446 0.446 0.445 0.445 0.445 0.444 0.444 0.443 0.443 0.442 0.442 0.441 0.441 0.440 0.440 0.439 0.439 0.438 0.438 0.437 0.436 0.436 0.435 0.434 0.433 0.433 0.432 0.431 0.430 0.429 0.428
0.464 0.464 0.463 0.463 0.462 0.462 0.462 0.461 0.461 0.460 0.460 0.460 0.459 0.459 0.459 0.458 0.458 0.457 0.457 0.457 0.456 0.456 0.455 0.455 0.455 0.454 0.454 0.453 0.453 0.452 0.452 0.452 0.451 0.451 0.450 0.450 0.450 0.449 0.449 0.448 0.448 0.447 0.447 0.447 0.446 0.446 0.445 0.445 0.444 0.444 0.444 0.443 0.443 0.442 0.442 0.441 0.441 0.440 0.440 0.439 0.439 0.438 0.438 0.437 0.436 0.436 0.435 0.435 0.434 0.433 0.432 0.431 0.430 0.429 0.428 0.427 0.426
0.463 0.463 0.463 0.462 0.462 0.461 0.461 0.461 0.460 0.460 0.459 0.459 0.459 0.458 0.458 0.457 0.457 0.456 0.456 0.456 0.455 0.455 0.454 0.454 0.454 0.453 0.453 0.452 0.452 0.452 0.451 0.451 0.450 0.450 0.450 0.449 0.449 0.448 0.448 0.447 0.447 0.447 0.446 0.446 0.445 0.445 0.444 0.444 0.444 0.443 0.443 0.442 0.442 0.441 0.441 0.440 0.440 0.439 0.439 0.438 0.438 0.437 0.437 0.436 0.435 0.435 0.434 0.433 0.433 0.432 0.431 0.430 0.429 0.428 0.427 0.426 0.425
