Test 3 - Meandering channel/Flood Modeller/Q3000_depth.1.00.asc
ncols         450
nrows         200
xllcorner     500
yllcorner     500
cellsize      20
NODATA_value  -9999
[rows 34 to 67 of 200, columns 77 to 153 of 450]
6.034 1.007 0.989 0.976 0.970 0.961 0.951 0.948 0.950 0.948 0.944 0.941 0.939 0.937 0.935 0.932 0.930 0.930 0.930 0.928 0.926 0.924 0.921 0.920 0.918 0.917 0.915 0.913 0.912 0.911 0.909 0.907 0.906 0.905 0.903 0.902 0.901 0.899 0.898 0.897 0.895 0.894 0.893 0.892 0.890 0.889 0.888 0.887 0.885 0.884 0.883 0.882 0.881 0.880 0.878 0.877 0.876 0.875 0.874 0.873 0.872 0.871 0.869 0.868 0.867 0.866 0.865 0.864 0.863 0.862 0.861 0.859 0.858 0.857 0.856 0.855 0.854
6.007 6.029 1.006 0.971 0.967 0.958 0.949 0.947 0.950 0.950 0.946 0.943 0.940 0.938 0.936 0.932 0.929 0.928 0.928 0.927 0.925 0.923 0.920 0.919 0.917 0.916 0.914 0.912 0.911 0.909 0.908 0.906 0.905 0.903 0.902 0.901 0.899 0.898 0.896 0.895 0.894 0.893 0.891 0.890 0.889 0.888 0.886 0.885 0.884 0.883 0.882 0.880 0.879 0.878 0.877 0.876 0.875 0.873 0.872 0.871 0.870 0.869 0.868 0.867 0.866 0.865 0.863 0.862 0.861 0.860 0.859 0.858 0.857 0.856 0.854 0.853 0.852
6.013 6.016 0.992 0.986 0.982 0.970 0.953 0.946 0.946 0.945 0.942 0.941 0.940 0.939 0.936 0.932 0.928 0.926 0.926 0.925 0.924 0.922 0.920 0.918 0.916 0.915 0.913 0.911 0.909 0.908 0.907 0.905 0.904 0.902 0.901 0.899 0.898 0.896 0.895 0.893 0.892 0.891 0.890 0.888 0.887 0.886 0.885 0.883 0.882 0.881 0.880 0.879 0.878 0.876 0.875 0.874 0.873 0.872 0.871 0.870 0.868 0.867 0.866 0.865 0.864 0.863 0.862 0.861 0.860 0.858 0.857 0.856 0.855 0.854 0.853 0.852 0.851
5.985 6.007 6.046 0.995 0.971 0.965 0.956 0.950 0.948 0.945 0.940 0.938 0.937 0.937 0.937 0.934 0.929 0.926 0.924 0.923 0.922 0.920 0.918 0.916 0.915 0.914 0.912 0.910 0.908 0.906 0.905 0.903 0.902 0.900 0.899 0.898 0.896 0.895 0.893 0.892 0.891 0.889 0.888 0.887 0.886 0.884 0.883 0.882 0.881 0.879 0.878 0.877 0.876 0.875 0.874 0.872 0.871 0.870 0.869 0.868 0.867 0.866 0.865 0.863 0.862 0.861 0.860 0.859 0.858 0.857 0.856 0.855 0.853 0.852 0.851 0.850 0.849
5.993 6.011 6.036 0.968 0.981 0.974 0.959 0.947 0.946 0.947 0.943 0.938 0.934 0.933 0.934 0.933 0.929 0.926 0.924 0.923 0.921 0.919 0.917 0.914 0.913 0.912 0.910 0.908 0.906 0.905 0.903 0.902 0.900 0.899 0.897 0.896 0.895 0.893 0.892 0.890 0.889 0.888 0.886 0.885 0.884 0.883 0.881 0.880 0.879 0.878 0.876 0.875 0.874 0.873 0.872 0.871 0.870 0.868 0.867 0.866 0.865 0.864 0.863 0.862 0.861 0.860 0.858 0.857 0.856 0.855 0.854 0.853 0.852 0.851 0.849 0.848 0.847
5.985 5.989 5.998 6.028 1.012 0.972 0.952 0.944 0.942 0.944 0.944 0.941 0.935 0.931 0.930 0.930 0.928 0.925 0.923 0.922 0.920 0.918 0.915 0.913 0.911 0.911 0.909 0.907 0.905 0.903 0.902 0.900 0.899 0.897 0.896 0.894 0.893 0.891 0.890 0.888 0.887 0.886 0.884 0.883 0.882 0.881 0.880 0.878 0.877 0.876 0.875 0.874 0.872 0.871 0.870 0.869 0.868 0.867 0.866 0.864 0.863 0.862 0.861 0.860 0.859 0.858 0.857 0.856 0.854 0.853 0.852 0.851 0.850 0.849 0.848 0.847 0.845
5.969 5.973 5.994 6.009 0.987 0.975 0.958 0.950 0.942 0.936 0.936 0.938 0.936 0.933 0.930 0.929 0.927 0.924 0.922 0.920 0.919 0.917 0.914 0.911 0.909 0.908 0.907 0.905 0.903 0.901 0.900 0.898 0.897 0.895 0.894 0.892 0.891 0.890 0.888 0.887 0.885 0.884 0.883 0.881 0.880 0.879 0.878 0.877 0.875 0.874 0.873 0.872 0.871 0.869 0.868 0.867 0.866 0.865 0.864 0.863 0.862 0.860 0.859 0.858 0.857 0.856 0.855 0.854 0.853 0.852 0.850 0.849 0.848 0.847 0.846 0.845 0.844
5.953 5.968 5.993 6.005 6.053 1.012 0.959 0.950 0.947 0.941 0.938 0.937 0.935 0.932 0.929 0.928 0.925 0.922 0.920 0.918 0.918 0.916 0.914 0.910 0.908 0.906 0.905 0.903 0.901 0.900 0.898 0.897 0.895 0.893 0.892 0.890 0.889 0.888 0.886 0.885 0.884 0.882 0.881 0.879 0.878 0.877 0.876 0.875 0.873 0.872 0.871 0.870 0.869 0.868 0.866 0.865 0.864 0.863 0.862 0.861 0.860 0.859 0.857 0.856 0.855 0.854 0.853 0.852 0.851 0.850 0.849 0.847 0.846 0.845 0.844 0.843 0.842
5.926 5.958 5.995 6.011 6.038 1.005 0.961 0.949 0.942 0.937 0.935 0.935 0.933 0.931 0.929 0.927 0.924 0.921 0.918 0.915 0.914 0.914 0.913 0.909 0.906 0.904 0.903 0.902 0.900 0.898 0.896 0.895 0.893 0.892 0.890 0.888 0.887 0.885 0.884 0.883 0.881 0.880 0.879 0.877 0.876 0.875 0.874 0.873 0.871 0.870 0.869 0.868 0.867 0.866 0.864 0.863 0.862 0.861 0.860 0.859 0.858 0.857 0.855 0.854 0.853 0.852 0.851 0.850 0.849 0.848 0.847 0.845 0.844 0.843 0.842 0.841 0.840
5.911 5.951 5.983 5.980 5.983 0.978 0.958 0.947 0.942 0.938 0.935 0.933 0.930 0.928 0.927 0.925 0.922 0.919 0.916 0.912 0.910 0.910 0.910 0.908 0.905 0.902 0.900 0.899 0.898 0.896 0.894 0.893 0.891 0.890 0.888 0.886 0.885 0.883 0.882 0.881 0.879 0.878 0.877 0.875 0.874 0.873 0.872 0.871 0.869 0.868 0.867 0.866 0.865 0.864 0.862 0.861 0.860 0.859 0.858 0.857 0.856 0.855 0.854 0.852 0.851 0.850 0.849 0.848 0.847 0.846 0.845 0.843 0.842 0.841 0.840 0.839 0.838
5.899 5.935 5.967 5.953 5.961 6.000 0.969 0.946 0.939 0.933 0.932 0.932 0.931 0.928 0.926 0.925 0.923 0.921 0.917 0.912 0.909 0.907 0.907 0.906 0.903 0.900 0.898 0.896 0.895 0.894 0.892 0.890 0.889 0.888 0.886 0.884 0.883 0.881 0.880 0.879 0.877 0.876 0.875 0.873 0.872 0.871 0.870 0.868 0.867 0.866 0.865 0.864 0.863 0.862 0.860 0.859 0.858 0.857 0.856 0.855 0.854 0.853 0.851 0.850 0.849 0.848 0.847 0.846 0.845 0.844 0.843 0.841 0.840 0.839 0.838 0.837 0.836
5.883 5.916 5.935 5.923 5.953 5.992 0.957 0.947 0.939 0.935 0.934 0.933 0.929 0.925 0.923 0.922 0.920 0.919 0.918 0.913 0.908 0.905 0.904 0.904 0.902 0.899 0.896 0.894 0.892 0.891 0.889 0.888 0.887 0.885 0.884 0.882 0.880 0.879 0.878 0.876 0.875 0.874 0.873 0.871 0.870 0.869 0.867 0.866 0.865 0.864 0.863 0.862 0.860 0.859 0.858 0.857 0.856 0.855 0.854 0.853 0.852 0.850 0.849 0.848 0.847 0.846 0.845 0.844 0.843 0.842 0.840 0.839 0.838 0.837 0.836 0.835 0.834
5.869 5.909 5.933 5.927 5.947 5.970 5.949 0.986 0.948 0.937 0.933 0.931 0.927 0.922 0.919 0.917 0.915 0.916 0.916 0.913 0.907 0.903 0.901 0.900 0.899 0.897 0.895 0.893 0.891 0.889 0.887 0.885 0.884 0.883 0.881 0.880 0.878 0.877 0.875 0.874 0.873 0.872 0.870 0.869 0.868 0.866 0.865 0.864 0.863 0.862 0.861 0.859 0.858 0.857 0.856 0.855 0.854 0.853 0.852 0.851 0.849 0.848 0.847 0.846 0.845 0.844 0.843 0.842 0.841 0.839 0.838 0.837 0.836 0.835 0.834 0.833 0.831
5.864 5.905 5.922 5.929 5.949 5.978 5.961 0.972 0.956 0.943 0.936 0.934 0.930 0.923 0.917 0.913 0.910 0.910 0.912 0.911 0.907 0.902 0.899 0.897 0.895 0.894 0.892 0.891 0.889 0.887 0.885 0.883 0.881 0.880 0.879 0.877 0.876 0.874 0.873 0.872 0.870 0.869 0.868 0.867 0.865 0.864 0.863 0.862 0.861 0.859 0.858 0.857 0.856 0.855 0.854 0.853 0.852 0.851 0.849 0.848 0.847 0.846 0.845 0.844 0.843 0.842 0.841 0.840 0.838 0.837 0.836 0.835 0.834 0.833 0.832 0.830 0.829
5.854 5.890 5.893 5.908 5.940 5.971 5.968 6.021 0.998 0.954 0.943 0.939 0.933 0.926 0.919 0.912 0.907 0.905 0.907 0.906 0.904 0.901 0.898 0.896 0.893 0.891 0.889 0.887 0.886 0.884 0.883 0.881 0.879 0.878 0.876 0.875 0.873 0.872 0.871 0.869 0.868 0.867 0.866 0.864 0.863 0.862 0.861 0.859 0.858 0.857 0.856 0.855 0.854 0.853 0.852 0.850 0.849 0.848 0.847 0.846 0.845 0.844 0.843 0.842 0.841 0.839 0.838 0.837 0.836 0.835 0.834 0.833 0.832 0.830 0.829 0.828 0.827
5.836 5.871 5.865 5.894 5.930 5.971 5.992 6.024 0.994 0.956 0.943 0.935 0.930 0.926 0.921 0.915 0.908 0.904 0.903 0.902 0.900 0.897 0.895 0.894 0.891 0.889 0.887 0.885 0.883 0.881 0.880 0.878 0.877 0.875 0.874 0.872 0.871 0.869 0.868 0.867 0.865 0.864 0.863 0.862 0.861 0.859 0.858 0.857 0.856 0.855 0.854 0.852 0.851 0.850 0.849 0.848 0.847 0.846 0.845 0.844 0.843 0.842 0.840 0.839 0.838 0.837 0.836 0.835 0.834 0.833 0.832 0.830 0.829 0.828 0.827 0.826 0.825
5.823 5.862 5.860 5.888 5.928 5.966 5.981 5.993 0.964 0.942 0.932 0.927 0.924 0.922 0.919 0.914 0.908 0.904 0.902 0.900 0.897 0.894 0.892 0.890 0.889 0.887 0.884 0.882 0.880 0.879 0.877 0.875 0.874 0.872 0.871 0.869 0.868 0.867 0.866 0.864 0.863 0.862 0.860 0.859 0.858 0.857 0.856 0.855 0.853 0.852 0.851 0.850 0.849 0.848 0.847 0.846 0.845 0.844 0.842 0.841 0.840 0.839 0.838 0.837 0.836 0.835 0.834 0.833 0.831 0.830 0.829 0.828 0.827 0.826 0.825 0.823 0.822
5.814 5.853 5.848 5.875 5.918 5.945 5.956 5.955 0.915 0.932 0.928 0.924 0.919 0.913 0.910 0.909 0.906 0.902 0.899 0.896 0.895 0.892 0.889 0.886 0.885 0.883 0.882 0.880 0.878 0.876 0.874 0.873 0.871 0.869 0.868 0.866 0.865 0.864 0.863 0.862 0.860 0.859 0.858 0.857 0.855 0.854 0.853 0.852 0.851 0.850 0.849 0.848 0.846 0.845 0.844 0.843 0.842 0.841 0.840 0.839 0.838 0.837 0.836 0.835 0.834 0.832 0.831 0.830 0.829 0.828 0.827 0.826 0.824 0.823 0.822 0.821 0.820
5.798 5.842 5.842 5.866 5.902 5.929 5.940 5.952 6.013 0.965 0.938 0.927 0.918 0.908 0.903 0.902 0.901 0.899 0.896 0.893 0.891 0.889 0.887 0.884 0.882 0.880 0.878 0.876 0.875 0.873 0.872 0.871 0.869 0.867 0.865 0.863 0.862 0.861 0.860 0.859 0.857 0.856 0.855 0.854 0.853 0.851 0.850 0.849 0.848 0.847 0.846 0.845 0.844 0.843 0.842 0.841 0.840 0.839 0.838 0.836 0.835 0.834 0.833 0.832 0.831 0.830 0.829 0.828 0.827 0.825 0.824 0.823 0.822 0.821 0.820 0.818 0.817
5.782 5.834 5.840 5.863 5.893 5.917 5.936 5.957 5.998 0.981 0.951 0.938 0.925 0.909 0.901 0.900 0.898 0.896 0.893 0.890 0.888 0.886 0.883 0.881 0.879 0.877 0.875 0.873 0.871 0.869 0.868 0.867 0.866 0.864 0.862 0.860 0.859 0.858 0.857 0.856 0.855 0.853 0.852 0.851 0.850 0.849 0.848 0.847 0.846 0.845 0.843 0.842 0.841 0.840 0.839 0.838 0.837 0.836 0.835 0.834 0.833 0.832 0.831 0.830 0.829 0.827 0.826 0.825 0.824 0.823 0.822 0.821 0.819 0.818 0.817 0.816 0.815
5.758 5.820 5.834 5.849 5.877 5.904 5.930 5.945 5.955 0.932 0.931 0.931 0.922 0.906 0.898 0.898 0.897 0.893 0.887 0.883 0.882 0.882 0.881 0.878 0.876 0.875 0.872 0.870 0.868 0.865 0.864 0.863 0.863 0.862 0.860 0.858 0.856 0.855 0.854 0.853 0.852 0.851 0.850 0.848 0.847 0.846 0.845 0.844 0.843 0.842 0.841 0.840 0.839 0.838 0.837 0.836 0.834 0.833 0.832 0.831 0.830 0.829 0.828 0.827 0.826 0.825 0.824 0.823 0.821 0.820 0.819 0.818 0.817 0.816 0.814 0.813 0.812
5.752 5.803 5.827 5.834 5.852 5.884 5.921 5.922 5.918 0.878 0.906 0.917 0.913 0.898 0.889 0.891 0.895 0.893 0.887 0.880 0.877 0.876 0.875 0.873 0.872 0.871 0.870 0.868 0.865 0.863 0.861 0.860 0.859 0.858 0.856 0.855 0.853 0.852 0.851 0.850 0.849 0.848 0.847 0.846 0.844 0.843 0.842 0.841 0.840 0.839 0.838 0.837 0.836 0.835 0.834 0.833 0.832 0.831 0.830 0.829 0.828 0.827 0.825 0.824 0.823 0.822 0.821 0.820 0.819 0.818 0.816 0.815 0.814 0.813 0.812 0.810 0.809
5.750 5.785 5.821 5.825 5.832 5.867 5.915 5.915 5.905 5.967 0.938 0.921 0.910 0.895 0.883 0.881 0.885 0.887 0.883 0.878 0.874 0.873 0.871 0.869 0.867 0.866 0.865 0.864 0.863 0.860 0.858 0.857 0.856 0.855 0.853 0.851 0.850 0.849 0.848 0.847 0.846 0.844 0.844 0.843 0.841 0.840 0.839 0.838 0.837 0.836 0.835 0.834 0.833 0.832 0.831 0.830 0.829 0.828 0.827 0.826 0.825 0.824 0.823 0.822 0.821 0.820 0.818 0.817 0.816 0.815 0.814 0.813 0.811 0.810 0.809 0.808 0.806
5.756 5.778 5.823 5.828 5.830 5.862 5.910 5.913 5.923 5.956 0.970 0.930 0.908 0.892 0.883 0.881 0.884 0.884 0.880 0.873 0.869 0.868 0.867 0.865 0.864 0.862 0.861 0.860 0.859 0.857 0.855 0.853 0.853 0.852 0.850 0.848 0.847 0.846 0.845 0.844 0.843 0.841 0.840 0.839 0.838 0.837 0.836 0.835 0.834 0.833 0.832 0.831 0.830 0.829 0.828 0.827 0.826 0.825 0.824 0.823 0.822 0.821 0.820 0.819 0.818 0.817 0.816 0.815 0.813 0.812 0.811 0.810 0.809 0.807 0.806 0.805 0.803
5.752 5.769 5.816 5.814 5.821 5.854 5.895 5.903 5.925 5.936 0.957 0.923 0.903 0.885 0.874 0.871 0.875 0.879 0.877 0.871 0.866 0.865 0.864 0.862 0.860 0.858 0.857 0.856 0.855 0.853 0.851 0.850 0.849 0.848 0.847 0.845 0.844 0.843 0.842 0.841 0.839 0.838 0.837 0.836 0.835 0.834 0.833 0.832 0.831 0.830 0.829 0.828 0.827 0.826 0.825 0.824 0.823 0.822 0.821 0.820 0.819 0.818 0.817 0.816 0.815 0.814 0.813 0.812 0.811 0.809 0.808 0.807 0.806 0.804 0.803 0.802 0.801
5.736 5.745 5.794 5.791 5.817 5.852 5.889 5.903 5.916 5.921 0.924 0.881 0.887 0.885 0.879 0.872 0.869 0.869 0.869 0.865 0.862 0.861 0.860 0.858 0.856 0.855 0.853 0.852 0.851 0.849 0.847 0.846 0.845 0.844 0.843 0.842 0.841 0.839 0.838 0.837 0.836 0.835 0.834 0.833 0.832 0.831 0.830 0.829 0.828 0.827 0.826 0.825 0.824 0.823 0.822 0.821 0.821 0.820 0.819 0.817 0.816 0.815 0.814 0.813 0.812 0.811 0.810 0.809 0.808 0.806 0.805 0.804 0.803 0.801 0.800 0.799 0.798
5.740 5.732 5.777 5.777 5.815 5.854 5.881 5.879 5.889 5.883 0.933 0.890 0.879 0.878 0.878 0.874 0.868 0.864 0.862 0.859 0.858 0.857 0.855 0.852 0.851 0.850 0.850 0.848 0.847 0.846 0.844 0.842 0.841 0.841 0.840 0.839 0.837 0.836 0.835 0.834 0.833 0.832 0.831 0.830 0.829 0.828 0.827 0.826 0.825 0.824 0.823 0.822 0.821 0.820 0.819 0.819 0.818 0.817 0.816 0.815 0.814 0.812 0.811 0.810 0.809 0.808 0.807 0.806 0.805 0.804 0.802 0.801 0.800 0.798 0.797 0.796 0.794
5.746 5.724 5.757 5.761 5.803 5.829 5.855 5.866 5.875 5.868 5.905 0.873 0.864 0.871 0.875 0.872 0.866 0.861 0.858 0.856 0.854 0.853 0.850 0.847 0.845 0.845 0.845 0.844 0.842 0.841 0.840 0.839 0.838 0.837 0.836 0.835 0.834 0.833 0.831 0.830 0.829 0.828 0.828 0.827 0.826 0.825 0.824 0.823 0.822 0.821 0.820 0.819 0.818 0.817 0.816 0.815 0.815 0.814 0.813 0.812 0.811 0.809 0.808 0.807 0.806 0.805 0.804 0.803 0.802 0.800 0.799 0.798 0.797 0.795 0.794 0.793 0.791
0.742 5.721 5.759 5.758 5.796 5.807 5.826 5.850 5.867 5.870 5.901 0.885 0.876 0.865 0.862 0.861 0.856 0.853 0.852 0.853 0.852 0.850 0.847 0.843 0.841 0.841 0.841 0.839 0.838 0.837 0.836 0.835 0.834 0.833 0.832 0.831 0.830 0.829 0.828 0.827 0.826 0.825 0.824 0.823 0.822 0.822 0.821 0.820 0.819 0.818 0.817 0.816 0.815 0.814 0.813 0.812 0.811 0.810 0.809 0.808 0.807 0.806 0.805 0.804 0.803 0.802 0.801 0.800 0.799 0.797 0.796 0.795 0.794 0.792 0.791 0.789 0.788
0.662 5.709 5.753 5.754 5.782 5.790 5.815 5.841 5.854 5.856 5.882 0.894 0.891 0.858 0.848 0.850 0.850 0.848 0.848 0.849 0.848 0.844 0.841 0.839 0.838 0.838 0.837 0.835 0.833 0.832 0.831 0.830 0.830 0.829 0.828 0.827 0.826 0.826 0.825 0.824 0.823 0.822 0.821 0.820 0.819 0.818 0.817 0.817 0.816 0.815 0.814 0.813 0.812 0.811 0.810 0.809 0.808 0.807 0.806 0.805 0.804 0.803 0.802 0.801 0.800 0.799 0.798 0.797 0.795 0.794 0.793 0.792 0.790 0.789 0.788 0.786 0.785
0.679 5.713 5.755 5.767 5.784 5.789 5.809 5.830 5.834 5.835 5.861 0.815 0.857 0.850 0.848 0.847 0.845 0.841 0.839 0.841 0.842 0.839 0.835 0.832 0.833 0.834 0.834 0.832 0.830 0.828 0.827 0.826 0.826 0.825 0.824 0.823 0.822 0.822 0.821 0.820 0.819 0.818 0.817 0.816 0.815 0.815 0.814 0.813 0.812 0.811 0.811 0.810 0.809 0.808 0.807 0.806 0.805 0.804 0.803 0.802 0.801 0.800 0.799 0.798 0.797 0.796 0.795 0.793 0.792 0.791 0.790 0.788 0.787 0.786 0.784 0.783 0.781
0.717 5.714 5.732 5.752 5.759 5.771 5.790 5.814 5.814 5.823 5.868 5.867 0.892 0.855 0.845 0.841 0.843 0.842 0.840 0.839 0.838 0.835 0.830 0.828 0.827 0.828 0.828 0.827 0.826 0.825 0.823 0.822 0.821 0.821 0.820 0.819 0.818 0.818 0.817 0.816 0.816 0.815 0.814 0.813 0.812 0.811 0.810 0.810 0.809 0.808 0.807 0.806 0.805 0.805 0.804 0.803 0.802 0.801 0.800 0.799 0.798 0.797 0.796 0.795 0.794 0.793 0.791 0.790 0.789 0.788 0.786 0.785 0.784 0.782 0.781 0.779 0.778
0.713 0.688 5.695 5.735 5.741 5.763 5.779 5.802 5.814 5.827 5.890 5.917 0.891 0.849 0.839 0.841 0.843 0.838 0.831 0.828 0.830 0.831 0.829 0.826 0.824 0.823 0.823 0.823 0.822 0.821 0.820 0.818 0.817 0.817 0.816 0.815 0.814 0.814 0.813 0.813 0.812 0.811 0.810 0.809 0.809 0.808 0.807 0.806 0.805 0.805 0.804 0.803 0.802 0.801 0.800 0.799 0.799 0.798 0.797 0.796 0.795 0.794 0.793 0.792 0.790 0.789 0.788 0.787 0.786 0.784 0.783 0.782 0.780 0.779 0.777 0.776 0.774
0.693 0.627 5.679 5.725 5.734 5.761 5.776 5.797 5.807 5.826 5.880 5.901 0.867 0.835 0.833 0.838 0.839 0.832 0.826 0.823 0.822 0.823 0.823 0.821 0.819 0.818 0.817 0.817 0.817 0.817 0.816 0.815 0.813 0.813 0.812 0.811 0.810 0.810 0.809 0.809 0.808 0.807 0.806 0.806 0.805 0.804 0.803 0.803 0.802 0.801 0.800 0.800 0.799 0.798 0.797 0.796 0.795 0.794 0.793 0.792 0.791 0.790 0.789 0.788 0.787 0.786 0.785 0.784 0.782 0.781 0.780 0.778 0.777 0.775 0.774 0.772 0.771
