Test 3 - Meandering channel/Flood Modeller/Q3000_depth.1.00.asc
ncols         450
nrows         200
xllcorner     500
yllcorner     500
cellsize      20
NODATA_value  -9999
[rows 102 to 135 of 200, columns 308 to 384 of 450]
0.714 0.714 0.714 0.713 0.712 0.711 0.710 0.708 0.706 0.703 0.700 0.696 0.692 0.688 0.682 0.676 0.669 0.662 0.653 0.643 0.631 0.618 0.602 0.584 0.564 0.542 0.523 0.544 5.551 5.587 5.591 5.609 5.660 5.664 5.693 5.718 5.754 5.768 5.810 0.804 0.803 0.792 0.782 0.776 0.769 0.759 0.752 0.749 0.746 0.742 0.738 0.734 0.731 0.728 0.725 0.723 0.721 0.719 0.716 0.715 0.713 0.711 0.709 0.708 0.707 0.706 0.705 0.705 0.704 0.704 0.704 0.705 0.705 0.706 0.707 0.708 0.710
0.704 0.705 0.705 0.704 0.704 0.703 0.702 0.700 0.698 0.696 0.693 0.690 0.686 0.682 0.677 0.671 0.665 0.658 0.650 0.641 0.631 0.619 0.606 0.592 0.576 0.559 0.539 0.543 5.554 5.592 5.597 5.611 5.659 5.669 5.705 5.728 5.762 5.789 5.829 5.836 0.839 0.819 0.800 0.790 0.781 0.771 0.763 0.759 0.755 0.751 0.746 0.742 0.738 0.735 0.733 0.730 0.727 0.725 0.723 0.721 0.719 0.717 0.715 0.714 0.712 0.711 0.710 0.710 0.709 0.709 0.709 0.709 0.709 0.710 0.711 0.712 0.713
0.695 0.695 0.695 0.695 0.695 0.694 0.693 0.692 0.690 0.688 0.686 0.683 0.679 0.675 0.671 0.666 0.660 0.654 0.647 0.639 0.631 0.620 0.609 0.598 0.585 0.571 0.559 0.540 0.540 5.583 5.599 5.604 5.648 5.672 5.709 5.737 5.766 5.792 5.824 5.836 0.880 0.841 0.815 0.801 0.792 0.782 0.774 0.769 0.764 0.759 0.754 0.750 0.746 0.742 0.739 0.737 0.734 0.731 0.729 0.726 0.724 0.722 0.720 0.719 0.717 0.716 0.715 0.714 0.714 0.713 0.713 0.713 0.713 0.714 0.714 0.715 0.717
0.685 0.686 0.686 0.686 0.686 0.686 0.685 0.684 0.682 0.681 0.678 0.676 0.673 0.669 0.666 0.661 0.656 0.650 0.644 0.637 0.630 0.621 0.611 0.601 0.592 0.580 0.569 0.562 0.542 5.578 5.611 5.614 5.640 5.672 5.705 5.734 5.762 5.788 5.831 5.845 0.889 0.843 0.821 0.810 0.801 0.791 0.783 0.778 0.772 0.767 0.761 0.757 0.753 0.749 0.746 0.743 0.740 0.737 0.734 0.732 0.730 0.727 0.726 0.724 0.722 0.721 0.720 0.719 0.718 0.717 0.717 0.717 0.717 0.717 0.718 0.719 0.720
0.676 0.677 0.677 0.678 0.678 0.677 0.677 0.676 0.675 0.673 0.671 0.669 0.666 0.663 0.660 0.656 0.652 0.646 0.641 0.635 0.629 0.622 0.613 0.604 0.597 0.589 0.578 0.570 0.566 0.554 5.604 5.620 5.633 5.672 5.697 5.721 5.754 5.788 5.831 5.853 5.863 0.831 0.823 0.815 0.808 0.799 0.791 0.785 0.780 0.774 0.768 0.763 0.759 0.756 0.752 0.749 0.746 0.743 0.740 0.737 0.735 0.733 0.731 0.729 0.727 0.725 0.724 0.723 0.722 0.722 0.721 0.721 0.721 0.721 0.721 0.722 0.723
0.666 0.667 0.668 0.669 0.669 0.669 0.669 0.668 0.667 0.666 0.664 0.662 0.660 0.657 0.654 0.651 0.647 0.643 0.638 0.632 0.627 0.621 0.615 0.607 0.599 0.595 0.588 0.580 0.574 0.573 5.607 5.630 5.633 5.677 5.703 5.728 5.758 5.788 5.821 5.833 5.854 0.847 0.831 0.822 0.815 0.806 0.798 0.792 0.786 0.780 0.775 0.770 0.765 0.762 0.758 0.755 0.751 0.748 0.745 0.742 0.740 0.737 0.735 0.733 0.731 0.730 0.728 0.727 0.726 0.725 0.725 0.725 0.724 0.725 0.725 0.726 0.726
0.657 0.658 0.659 0.660 0.661 0.661 0.661 0.660 0.660 0.659 0.657 0.656 0.654 0.651 0.649 0.646 0.643 0.639 0.635 0.630 0.625 0.620 0.616 0.610 0.603 0.598 0.594 0.589 0.585 0.579 0.578 5.619 5.634 5.679 5.707 5.732 5.763 5.787 5.815 5.825 5.848 0.850 0.837 0.828 0.821 0.812 0.804 0.798 0.792 0.786 0.781 0.776 0.771 0.767 0.763 0.760 0.756 0.753 0.750 0.747 0.744 0.742 0.740 0.738 0.736 0.734 0.732 0.731 0.730 0.729 0.729 0.728 0.728 0.728 0.728 0.729 0.729
0.648 0.649 0.650 0.651 0.652 0.652 0.653 0.652 0.652 0.651 0.650 0.649 0.648 0.646 0.643 0.641 0.638 0.635 0.631 0.628 0.624 0.619 0.615 0.611 0.606 0.601 0.599 0.596 0.595 0.591 0.597 5.625 5.648 5.681 5.710 5.738 5.768 5.786 5.810 5.821 5.847 0.850 0.842 0.832 0.826 0.817 0.809 0.804 0.797 0.791 0.787 0.782 0.776 0.772 0.768 0.765 0.761 0.758 0.755 0.751 0.749 0.746 0.744 0.742 0.740 0.738 0.736 0.735 0.734 0.733 0.732 0.732 0.731 0.731 0.731 0.732 0.732
0.639 0.640 0.642 0.643 0.644 0.644 0.645 0.645 0.645 0.644 0.643 0.643 0.641 0.640 0.638 0.636 0.634 0.631 0.628 0.625 0.622 0.618 0.615 0.612 0.609 0.604 0.601 0.601 0.601 0.603 0.606 5.623 5.653 5.676 5.703 5.739 5.762 5.782 5.803 5.815 5.842 0.853 0.845 0.836 0.829 0.821 0.814 0.808 0.802 0.797 0.792 0.786 0.781 0.777 0.773 0.769 0.766 0.762 0.759 0.756 0.753 0.750 0.748 0.746 0.744 0.742 0.740 0.739 0.737 0.736 0.735 0.735 0.734 0.734 0.734 0.735 0.735
0.630 0.631 0.633 0.634 0.635 0.636 0.637 0.637 0.637 0.637 0.637 0.636 0.635 0.634 0.633 0.631 0.629 0.627 0.625 0.623 0.620 0.617 0.614 0.612 0.611 0.609 0.605 0.605 0.606 0.610 0.620 5.626 5.658 5.673 5.696 5.736 5.750 5.775 5.799 5.816 5.846 0.855 0.847 0.839 0.832 0.824 0.818 0.813 0.807 0.801 0.796 0.791 0.786 0.781 0.777 0.774 0.770 0.766 0.763 0.760 0.757 0.754 0.752 0.749 0.747 0.745 0.743 0.742 0.741 0.740 0.739 0.738 0.737 0.737 0.737 0.737 0.738
0.621 0.623 0.624 0.626 0.627 0.628 0.629 0.630 0.630 0.630 0.630 0.630 0.629 0.628 0.627 0.626 0.625 0.623 0.622 0.620 0.618 0.616 0.614 0.612 0.611 0.611 0.609 0.608 0.610 0.614 0.626 5.634 5.663 5.681 5.699 5.738 5.751 5.784 5.813 5.831 5.852 0.856 0.849 0.842 0.834 0.827 0.822 0.817 0.811 0.805 0.800 0.795 0.789 0.785 0.781 0.778 0.774 0.770 0.767 0.763 0.760 0.758 0.755 0.753 0.751 0.749 0.747 0.745 0.744 0.743 0.742 0.741 0.740 0.740 0.740 0.740 0.741
0.612 0.614 0.616 0.617 0.619 0.620 0.621 0.622 0.623 0.623 0.623 0.623 0.623 0.623 0.622 0.622 0.621 0.620 0.619 0.618 0.616 0.614 0.613 0.612 0.612 0.612 0.612 0.611 0.614 0.615 0.633 5.644 5.671 5.688 5.703 5.742 5.762 5.796 5.825 5.845 5.861 0.857 0.850 0.844 0.835 0.830 0.826 0.820 0.814 0.808 0.803 0.798 0.793 0.789 0.785 0.781 0.777 0.774 0.770 0.767 0.764 0.761 0.758 0.756 0.754 0.752 0.750 0.748 0.747 0.746 0.744 0.744 0.743 0.743 0.742 0.743 0.743
0.603 0.605 0.607 0.609 0.611 0.612 0.614 0.615 0.616 0.616 0.617 0.617 0.617 0.617 0.617 0.617 0.616 0.616 0.615 0.615 0.614 0.613 0.612 0.611 0.612 0.612 0.614 0.614 0.617 0.617 0.638 5.649 5.674 5.693 5.708 5.741 5.764 5.795 5.820 5.838 5.854 0.862 0.852 0.846 0.837 0.833 0.828 0.823 0.816 0.811 0.806 0.801 0.796 0.792 0.788 0.784 0.780 0.777 0.773 0.770 0.767 0.764 0.761 0.759 0.757 0.755 0.753 0.751 0.750 0.748 0.747 0.746 0.746 0.745 0.745 0.745 0.745
0.594 0.597 0.599 0.601 0.603 0.605 0.606 0.607 0.609 0.609 0.610 0.611 0.612 0.612 0.612 0.612 0.612 0.612 0.612 0.612 0.612 0.612 0.612 0.611 0.612 0.613 0.616 0.617 0.618 0.620 0.638 5.652 5.673 5.696 5.715 5.744 5.769 5.800 5.822 5.841 5.860 0.866 0.853 0.847 0.840 0.835 0.830 0.824 0.819 0.814 0.809 0.804 0.799 0.795 0.791 0.787 0.783 0.780 0.776 0.773 0.770 0.767 0.764 0.762 0.759 0.757 0.755 0.754 0.752 0.751 0.750 0.749 0.748 0.748 0.747 0.747 0.748
0.586 0.588 0.591 0.593 0.595 0.597 0.599 0.600 0.602 0.603 0.604 0.605 0.606 0.607 0.607 0.608 0.608 0.609 0.609 0.609 0.609 0.610 0.611 0.612 0.612 0.614 0.617 0.619 0.621 0.621 0.640 5.654 5.675 5.697 5.717 5.742 5.768 5.799 5.823 5.850 5.873 0.868 0.855 0.849 0.842 0.837 0.832 0.826 0.821 0.816 0.811 0.806 0.802 0.798 0.793 0.789 0.786 0.782 0.779 0.776 0.772 0.769 0.767 0.764 0.762 0.760 0.758 0.756 0.755 0.753 0.752 0.751 0.750 0.750 0.749 0.749 0.750
0.577 0.580 0.583 0.585 0.587 0.589 0.591 0.593 0.595 0.596 0.598 0.599 0.600 0.601 0.602 0.603 0.604 0.605 0.606 0.607 0.608 0.609 0.610 0.611 0.612 0.615 0.617 0.622 0.623 0.623 0.637 5.656 5.683 5.704 5.726 5.753 5.776 5.803 5.828 5.857 5.882 0.869 0.857 0.850 0.843 0.839 0.833 0.827 0.822 0.818 0.812 0.808 0.804 0.800 0.796 0.792 0.788 0.785 0.781 0.778 0.775 0.772 0.769 0.767 0.764 0.762 0.760 0.758 0.757 0.755 0.754 0.753 0.752 0.752 0.752 0.751 0.752
0.569 0.572 0.575 0.577 0.580 0.582 0.584 0.586 0.588 0.590 0.592 0.593 0.595 0.596 0.598 0.599 0.601 0.602 0.603 0.604 0.606 0.607 0.609 0.610 0.612 0.614 0.618 0.625 0.623 0.627 0.634 5.656 5.683 5.702 5.729 5.753 5.778 5.804 5.826 5.855 5.883 0.870 0.858 0.851 0.845 0.839 0.834 0.828 0.823 0.819 0.814 0.810 0.806 0.802 0.797 0.793 0.790 0.787 0.783 0.780 0.777 0.774 0.771 0.769 0.766 0.764 0.762 0.761 0.759 0.757 0.756 0.755 0.754 0.754 0.753 0.753 0.753
0.561 0.564 0.567 0.569 0.572 0.575 0.577 0.579 0.582 0.584 0.586 0.588 0.590 0.591 0.593 0.595 0.597 0.598 0.600 0.601 0.603 0.606 0.608 0.609 0.612 0.614 0.621 0.622 0.627 0.632 0.631 5.657 5.681 5.705 5.735 5.753 5.782 5.807 5.825 5.853 5.880 0.872 0.859 0.852 0.846 0.840 0.834 0.829 0.825 0.820 0.815 0.811 0.807 0.803 0.799 0.795 0.792 0.788 0.785 0.782 0.779 0.776 0.773 0.771 0.768 0.766 0.764 0.762 0.761 0.759 0.758 0.757 0.756 0.756 0.755 0.755 0.755
0.552 0.556 0.559 0.562 0.565 0.568 0.570 0.573 0.575 0.578 0.580 0.582 0.584 0.587 0.589 0.591 0.593 0.595 0.597 0.599 0.602 0.604 0.606 0.609 0.612 0.614 0.621 0.622 0.635 0.634 0.625 5.661 5.681 5.707 5.740 5.759 5.789 5.813 5.828 5.855 5.879 0.873 0.860 0.853 0.847 0.841 0.834 0.829 0.825 0.820 0.816 0.812 0.808 0.804 0.800 0.796 0.793 0.790 0.786 0.783 0.780 0.777 0.775 0.772 0.770 0.768 0.766 0.764 0.762 0.761 0.760 0.759 0.758 0.757 0.757 0.757 0.757
0.544 0.548 0.551 0.554 0.558 0.561 0.563 0.566 0.569 0.572 0.574 0.577 0.579 0.582 0.584 0.587 0.589 0.592 0.594 0.597 0.600 0.602 0.605 0.609 0.611 0.616 0.621 0.625 0.632 0.631 5.661 5.667 5.686 5.706 5.740 5.760 5.787 5.811 5.830 5.851 5.875 0.877 0.861 0.854 0.846 0.840 0.835 0.830 0.825 0.821 0.817 0.813 0.809 0.805 0.801 0.798 0.794 0.791 0.788 0.785 0.782 0.779 0.776 0.774 0.772 0.769 0.767 0.766 0.764 0.763 0.761 0.760 0.759 0.759 0.758 0.758 0.758
0.537 0.540 0.544 0.547 0.551 0.554 0.557 0.560 0.563 0.566 0.569 0.572 0.575 0.577 0.580 0.583 0.586 0.589 0.592 0.595 0.598 0.601 0.605 0.608 0.613 0.617 0.618 0.628 0.631 0.639 5.671 5.679 5.698 5.714 5.751 5.773 5.798 5.821 5.840 5.850 5.880 0.882 0.862 0.853 0.845 0.839 0.834 0.830 0.826 0.821 0.817 0.814 0.810 0.806 0.802 0.798 0.795 0.792 0.789 0.786 0.783 0.780 0.777 0.775 0.773 0.771 0.769 0.767 0.765 0.764 0.763 0.762 0.761 0.760 0.760 0.760 0.760
0.529 0.533 0.536 0.540 0.544 0.547 0.550 0.554 0.557 0.560 0.564 0.567 0.570 0.573 0.576 0.579 0.583 0.586 0.589 0.592 0.596 0.600 0.603 0.608 0.614 0.615 0.619 0.625 0.627 0.643 5.666 5.681 5.703 5.716 5.750 5.773 5.797 5.822 5.847 5.853 0.868 0.869 0.856 0.850 0.844 0.839 0.834 0.830 0.825 0.821 0.818 0.814 0.810 0.806 0.802 0.799 0.796 0.792 0.790 0.787 0.784 0.781 0.779 0.776 0.774 0.772 0.770 0.768 0.767 0.765 0.764 0.763 0.762 0.761 0.761 0.761 0.761
0.521 0.525 0.529 0.533 0.537 0.540 0.544 0.548 0.551 0.555 0.558 0.562 0.565 0.569 0.572 0.576 0.580 0.583 0.587 0.590 0.595 0.599 0.603 0.608 0.612 0.615 0.621 0.620 0.628 0.642 5.662 5.682 5.709 5.728 5.756 5.778 5.798 5.823 5.851 5.861 0.854 0.855 0.851 0.847 0.842 0.837 0.833 0.829 0.825 0.821 0.817 0.814 0.810 0.806 0.803 0.799 0.796 0.793 0.790 0.787 0.785 0.782 0.779 0.777 0.775 0.773 0.771 0.769 0.768 0.766 0.765 0.764 0.763 0.763 0.762 0.762 0.762
0.514 0.518 0.522 0.526 0.530 0.534 0.538 0.542 0.546 0.550 0.553 0.557 0.561 0.565 0.569 0.573 0.577 0.580 0.584 0.589 0.593 0.598 0.603 0.607 0.612 0.615 0.617 0.622 0.629 0.633 5.657 5.682 5.715 5.740 5.765 5.786 5.801 5.823 5.853 5.861 0.873 0.857 0.849 0.845 0.840 0.836 0.832 0.828 0.824 0.821 0.817 0.813 0.810 0.806 0.803 0.799 0.796 0.793 0.791 0.788 0.785 0.782 0.780 0.778 0.776 0.774 0.772 0.770 0.769 0.767 0.766 0.765 0.764 0.764 0.763 0.763 0.763
0.507 0.511 0.515 0.519 0.524 0.528 0.532 0.536 0.540 0.545 0.549 0.553 0.557 0.561 0.566 0.570 0.574 0.578 0.582 0.587 0.592 0.598 0.602 0.606 0.612 0.616 0.619 0.624 0.623 5.643 5.657 5.684 5.719 5.748 5.773 5.796 5.810 5.829 5.855 5.870 0.886 0.859 0.848 0.843 0.838 0.834 0.830 0.827 0.824 0.820 0.816 0.812 0.809 0.806 0.802 0.799 0.796 0.793 0.791 0.788 0.785 0.783 0.780 0.778 0.776 0.774 0.773 0.771 0.769 0.768 0.767 0.766 0.765 0.764 0.764 0.764 0.764
0.500 0.504 0.509 0.513 0.517 0.522 0.526 0.531 0.535 0.539 0.544 0.549 0.553 0.558 0.562 0.567 0.571 0.576 0.580 0.586 0.592 0.596 0.600 0.607 0.613 0.620 0.618 0.624 0.626 5.655 5.669 5.695 5.727 5.758 5.784 5.811 5.825 5.848 5.872 0.858 0.873 0.851 0.844 0.839 0.835 0.833 0.830 0.826 0.823 0.819 0.815 0.812 0.808 0.805 0.802 0.799 0.796 0.793 0.791 0.788 0.786 0.783 0.781 0.779 0.777 0.775 0.773 0.771 0.770 0.769 0.767 0.767 0.766 0.765 0.765 0.765 0.765
0.493 0.498 0.502 0.507 0.511 0.516 0.521 0.525 0.530 0.535 0.540 0.545 0.549 0.554 0.559 0.564 0.569 0.574 0.579 0.585 0.590 0.594 0.601 0.608 0.615 0.624 0.618 0.618 0.633 5.656 5.679 5.703 5.727 5.756 5.785 5.816 5.831 5.854 5.882 0.850 0.849 0.846 0.843 0.838 0.835 0.832 0.827 0.824 0.821 0.818 0.814 0.811 0.808 0.805 0.801 0.798 0.796 0.793 0.791 0.788 0.786 0.783 0.781 0.779 0.777 0.775 0.773 0.772 0.770 0.769 0.768 0.767 0.766 0.766 0.765 0.765 0.765
0.487 0.491 0.496 0.501 0.505 0.510 0.515 0.520 0.525 0.531 0.536 0.541 0.546 0.551 0.557 0.562 0.567 0.572 0.578 0.584 0.588 0.593 0.601 0.610 0.618 0.620 0.628 0.623 0.610 5.657 5.686 5.710 5.730 5.756 5.791 5.827 5.846 5.865 5.883 0.871 0.855 0.846 0.840 0.835 0.832 0.829 0.826 0.823 0.820 0.816 0.813 0.810 0.807 0.804 0.801 0.798 0.795 0.793 0.790 0.788 0.785 0.783 0.781 0.779 0.777 0.775 0.774 0.772 0.771 0.769 0.768 0.767 0.767 0.766 0.766 0.766 0.766
0.481 0.485 0.490 0.495 0.500 0.505 0.510 0.516 0.521 0.527 0.532 0.537 0.543 0.549 0.555 0.560 0.565 0.570 0.576 0.582 0.586 0.594 0.601 0.609 0.618 0.624 0.641 0.623 5.664 5.651 5.686 5.717 5.739 5.766 5.801 5.836 5.856 5.866 5.887 0.882 0.859 0.845 0.839 0.834 0.830 0.827 0.824 0.821 0.818 0.814 0.811 0.808 0.805 0.803 0.800 0.797 0.794 0.792 0.790 0.787 0.785 0.783 0.781 0.779 0.777 0.775 0.774 0.772 0.771 0.770 0.769 0.768 0.767 0.767 0.766 0.766 0.766
0.474 0.479 0.484 0.489 0.494 0.500 0.506 0.511 0.517 0.523 0.529 0.535 0.540 0.546 0.552 0.558 0.563 0.569 0.574 0.580 0.587 0.593 0.598 0.607 0.622 0.629 0.647 5.661 5.674 5.680 5.702 5.730 5.749 5.774 5.809 5.844 5.867 5.871 0.866 0.871 0.852 0.841 0.835 0.830 0.827 0.825 0.822 0.819 0.816 0.812 0.810 0.807 0.804 0.801 0.799 0.796 0.794 0.791 0.789 0.787 0.785 0.782 0.780 0.779 0.777 0.775 0.774 0.772 0.771 0.770 0.769 0.768 0.767 0.767 0.767 0.766 0.767
0.469 0.474 0.479 0.484 0.489 0.495 0.501 0.507 0.513 0.519 0.526 0.532 0.538 0.544 0.550 0.556 0.561 0.566 0.573 0.581 0.587 0.589 0.597 0.612 0.630 0.629 0.636 5.666 5.677 5.698 5.719 5.744 5.761 5.790 5.824 5.854 5.874 5.887 0.855 0.852 0.845 0.838 0.833 0.829 0.826 0.822 0.819 0.816 0.813 0.811 0.808 0.805 0.802 0.800 0.797 0.795 0.793 0.790 0.788 0.786 0.784 0.782 0.780 0.778 0.777 0.775 0.774 0.772 0.771 0.770 0.769 0.768 0.768 0.767 0.767 0.767 0.767
0.463 0.468 0.474 0.479 0.485 0.490 0.497 0.503 0.509 0.516 0.523 0.529 0.536 0.542 0.548 0.554 0.560 0.566 0.574 0.580 0.583 0.590 0.598 0.617 0.625 0.632 5.644 5.651 5.681 5.707 5.727 5.758 5.777 5.806 5.830 5.857 5.869 5.892 0.869 0.850 0.840 0.833 0.829 0.826 0.823 0.820 0.816 0.814 0.811 0.809 0.806 0.803 0.801 0.798 0.796 0.794 0.791 0.789 0.787 0.785 0.783 0.781 0.779 0.778 0.776 0.775 0.773 0.772 0.771 0.770 0.769 0.768 0.768 0.767 0.767 0.767 0.767
0.458 0.463 0.469 0.475 0.480 0.487 0.493 0.499 0.506 0.513 0.520 0.527 0.533 0.540 0.547 0.553 0.560 0.567 0.572 0.576 0.581 0.590 0.601 0.610 0.613 5.645 5.660 5.670 5.691 5.716 5.732 5.767 5.785 5.811 5.826 5.851 5.857 0.872 0.861 0.845 0.835 0.829 0.826 0.822 0.819 0.816 0.814 0.811 0.809 0.806 0.804 0.801 0.799 0.797 0.794 0.792 0.790 0.788 0.786 0.784 0.782 0.780 0.779 0.777 0.776 0.774 0.773 0.771 0.770 0.769 0.769 0.768 0.767 0.767 0.767 0.767 0.767
0.453 0.459 0.464 0.470 0.477 0.483 0.489 0.496 0.503 0.511 0.517 0.525 0.532 0.539 0.547 0.553 0.559 0.564 0.569 0.575 0.585 0.591 0.596 0.606 0.606 5.652 5.666 5.684 5.708 5.731 5.741 5.773 5.793 5.818 5.823 5.844 5.869 0.857 0.847 0.836 0.830 0.826 0.822 0.819 0.816 0.813 0.811 0.809 0.806 0.804 0.801 0.799 0.797 0.795 0.793 0.791 0.789 0.787 0.785 0.783 0.781 0.779 0.778 0.776 0.775 0.773 0.772 0.771 0.770 0.769 0.768 0.768 0.767 0.767 0.767 0.767 0.767
