Test 3 - Meandering channel/Flood Modeller/Q3000_depth.1.00.asc
ncols         450
nrows         200
xllcorner     500
yllcorner     500
cellsize      20
NODATA_value  -9999
[rows 136 to 169 of 200, columns 308 to 384 of 450]
0.448 0.454 0.460 0.466 0.473 0.479 0.486 0.493 0.500 0.508 0.516 0.524 0.531 0.539 0.546 0.552 0.556 0.566 0.571 0.581 0.581 0.582 0.597 0.623 5.634 5.643 5.668 5.691 5.713 5.740 5.747 5.780 5.803 5.824 5.820 5.853 0.872 0.852 0.835 0.828 0.823 0.820 0.818 0.815 0.813 0.810 0.808 0.806 0.804 0.801 0.799 0.797 0.795 0.793 0.791 0.789 0.787 0.785 0.784 0.782 0.780 0.778 0.777 0.775 0.774 0.773 0.771 0.770 0.769 0.769 0.768 0.767 0.767 0.767 0.767 0.767 0.767
0.443 0.449 0.455 0.462 0.469 0.475 0.482 0.489 0.497 0.506 0.515 0.522 0.529 0.538 0.544 0.554 0.562 0.570 0.575 0.578 0.574 0.583 0.600 5.610 5.636 5.658 5.675 5.697 5.725 5.750 5.759 5.794 5.817 5.840 5.829 0.843 0.842 0.830 0.824 0.820 0.819 0.816 0.813 0.811 0.809 0.807 0.805 0.803 0.801 0.799 0.796 0.794 0.793 0.791 0.789 0.787 0.785 0.784 0.782 0.780 0.779 0.777 0.776 0.774 0.773 0.772 0.771 0.770 0.769 0.768 0.767 0.767 0.767 0.766 0.766 0.766 0.767
0.438 0.444 0.451 0.458 0.465 0.472 0.479 0.487 0.496 0.505 0.513 0.521 0.531 0.541 0.550 0.559 0.567 0.568 0.576 0.575 0.578 0.547 5.595 5.613 5.641 5.674 5.691 5.709 5.742 5.763 5.772 5.802 5.827 5.844 5.852 0.832 0.823 0.819 0.815 0.813 0.813 0.811 0.810 0.807 0.805 0.803 0.802 0.800 0.798 0.796 0.794 0.792 0.791 0.789 0.787 0.785 0.784 0.782 0.780 0.779 0.777 0.776 0.775 0.773 0.772 0.771 0.770 0.769 0.768 0.767 0.767 0.766 0.766 0.766 0.766 0.766 0.766
0.433 0.440 0.447 0.454 0.461 0.470 0.478 0.486 0.496 0.504 0.516 0.525 0.536 0.544 0.552 0.559 0.565 0.568 0.572 0.579 0.566 0.521 5.599 5.615 5.644 5.683 5.699 5.715 5.749 5.771 5.782 5.808 5.822 5.846 0.845 0.838 0.816 0.809 0.809 0.809 0.809 0.807 0.804 0.803 0.802 0.801 0.799 0.797 0.795 0.793 0.791 0.790 0.788 0.786 0.785 0.783 0.782 0.780 0.779 0.777 0.776 0.774 0.773 0.772 0.771 0.770 0.769 0.768 0.767 0.767 0.766 0.766 0.765 0.765 0.765 0.766 0.766
0.429 0.436 0.443 0.451 0.459 0.468 0.476 0.486 0.496 0.507 0.518 0.526 0.534 0.543 0.548 0.561 0.566 0.571 0.550 0.557 5.599 5.596 5.592 5.619 5.653 5.687 5.705 5.718 5.750 5.771 5.788 5.820 5.821 0.818 0.824 0.813 0.807 0.804 0.804 0.804 0.802 0.801 0.800 0.800 0.799 0.797 0.795 0.793 0.792 0.790 0.789 0.787 0.786 0.784 0.782 0.781 0.780 0.778 0.777 0.776 0.774 0.773 0.772 0.771 0.770 0.769 0.768 0.767 0.766 0.766 0.765 0.765 0.765 0.765 0.765 0.765 0.766
0.425 0.432 0.440 0.449 0.457 0.467 0.476 0.487 0.496 0.506 0.513 0.524 0.530 0.540 0.548 0.557 0.575 0.572 0.538 5.584 5.602 5.620 5.633 5.642 5.669 5.705 5.731 5.746 5.768 5.786 5.799 5.828 5.850 0.817 0.809 0.802 0.800 0.800 0.799 0.797 0.797 0.798 0.797 0.796 0.794 0.792 0.792 0.790 0.789 0.787 0.786 0.784 0.783 0.782 0.780 0.779 0.778 0.776 0.775 0.774 0.773 0.771 0.770 0.769 0.768 0.768 0.767 0.766 0.765 0.765 0.765 0.764 0.764 0.764 0.764 0.765 0.765
0.422 0.430 0.439 0.448 0.457 0.466 0.475 0.484 0.492 0.502 0.512 0.523 0.529 0.538 0.564 0.560 0.572 5.601 5.599 5.596 5.607 5.618 5.642 5.651 5.676 5.714 5.750 5.764 5.775 5.790 5.793 5.831 0.836 0.824 0.804 0.797 0.794 0.793 0.793 0.794 0.794 0.794 0.792 0.791 0.790 0.790 0.789 0.787 0.785 0.784 0.783 0.782 0.780 0.779 0.778 0.777 0.775 0.774 0.773 0.772 0.771 0.770 0.769 0.768 0.767 0.766 0.766 0.765 0.764 0.764 0.764 0.763 0.763 0.763 0.764 0.764 0.764
0.419 0.428 0.438 0.446 0.454 0.461 0.473 0.481 0.490 0.502 0.513 0.525 0.533 0.531 0.557 5.597 5.587 5.599 5.621 5.608 5.617 5.636 5.664 5.679 5.700 5.731 5.770 5.786 5.799 5.799 5.804 0.827 0.814 0.804 0.796 0.791 0.790 0.789 0.789 0.789 0.789 0.788 0.788 0.787 0.787 0.786 0.785 0.783 0.782 0.781 0.780 0.779 0.778 0.776 0.775 0.774 0.773 0.772 0.771 0.770 0.769 0.768 0.767 0.766 0.766 0.765 0.764 0.764 0.763 0.763 0.763 0.762 0.762 0.763 0.763 0.763 0.764
0.416 0.425 0.433 0.439 0.450 0.459 0.472 0.479 0.489 0.508 0.522 0.532 0.532 0.498 5.571 5.594 5.609 5.618 5.636 5.637 5.653 5.664 5.689 5.704 5.721 5.751 5.792 5.812 5.832 5.815 0.805 0.803 0.796 0.794 0.788 0.785 0.785 0.785 0.785 0.785 0.784 0.784 0.784 0.783 0.783 0.782 0.781 0.780 0.779 0.778 0.777 0.776 0.775 0.774 0.773 0.772 0.771 0.770 0.769 0.768 0.767 0.766 0.765 0.765 0.764 0.763 0.763 0.762 0.762 0.762 0.762 0.762 0.762 0.762 0.762 0.763 0.763
0.413 0.420 0.428 0.437 0.449 0.461 0.469 0.480 0.493 0.505 0.517 0.508 5.552 5.558 5.554 5.577 5.593 5.610 5.627 5.641 5.651 5.659 5.683 5.700 5.714 5.743 5.782 5.805 5.826 5.832 0.800 0.790 0.790 0.786 0.782 0.782 0.782 0.780 0.779 0.779 0.780 0.780 0.779 0.779 0.779 0.778 0.778 0.777 0.776 0.775 0.774 0.773 0.772 0.771 0.770 0.770 0.769 0.768 0.767 0.766 0.765 0.764 0.764 0.763 0.763 0.762 0.762 0.761 0.761 0.761 0.760 0.760 0.761 0.761 0.761 0.762 0.762
0.408 0.417 0.425 0.437 0.448 0.466 0.470 0.482 0.481 0.461 5.533 5.524 5.546 5.574 5.565 5.578 5.591 5.603 5.621 5.655 5.653 5.662 5.684 5.706 5.724 5.750 5.784 5.809 5.826 0.820 0.810 0.794 0.787 0.780 0.777 0.777 0.776 0.775 0.775 0.775 0.776 0.776 0.775 0.775 0.775 0.774 0.774 0.773 0.772 0.772 0.771 0.770 0.769 0.768 0.768 0.767 0.766 0.766 0.765 0.764 0.763 0.763 0.762 0.761 0.761 0.760 0.760 0.760 0.759 0.759 0.759 0.759 0.760 0.760 0.760 0.761 0.762
0.406 0.414 0.423 0.438 0.447 0.459 0.474 0.473 0.458 5.526 5.536 5.541 5.559 5.583 5.591 5.598 5.611 5.612 5.634 5.672 5.658 5.670 5.688 5.713 5.742 5.766 5.795 5.810 0.816 0.808 0.793 0.784 0.780 0.775 0.774 0.773 0.771 0.770 0.770 0.771 0.771 0.771 0.771 0.771 0.771 0.771 0.770 0.769 0.769 0.768 0.768 0.767 0.766 0.766 0.765 0.765 0.764 0.763 0.762 0.762 0.761 0.761 0.760 0.760 0.759 0.759 0.759 0.758 0.758 0.758 0.758 0.758 0.758 0.759 0.759 0.760 0.761
0.407 0.417 0.428 0.434 0.463 0.447 0.476 5.517 5.497 5.508 5.536 5.547 5.564 5.579 5.594 5.602 5.606 5.606 5.638 5.678 5.668 5.676 5.691 5.713 5.743 5.779 5.801 0.806 0.786 0.787 0.780 0.780 0.777 0.771 0.769 0.766 0.765 0.765 0.766 0.767 0.767 0.767 0.767 0.768 0.767 0.767 0.766 0.766 0.765 0.765 0.764 0.764 0.763 0.763 0.763 0.762 0.761 0.761 0.760 0.760 0.759 0.759 0.758 0.758 0.757 0.757 0.757 0.757 0.757 0.757 0.757 0.757 0.757 0.758 0.758 0.759 0.760
0.409 0.417 0.422 0.424 0.402 5.468 5.497 5.511 5.513 5.529 5.558 5.578 5.590 5.585 5.606 5.606 5.607 5.622 5.651 5.677 5.672 5.684 5.687 5.723 5.743 0.759 0.778 0.771 0.778 0.773 0.775 0.775 0.767 0.761 0.761 0.761 0.761 0.761 0.762 0.763 0.763 0.763 0.763 0.764 0.763 0.763 0.763 0.762 0.762 0.762 0.761 0.761 0.760 0.760 0.760 0.759 0.759 0.758 0.758 0.757 0.757 0.757 0.756 0.756 0.756 0.755 0.755 0.755 0.755 0.755 0.756 0.756 0.756 0.757 0.757 0.758 0.759
0.414 0.418 0.373 5.453 5.449 5.461 5.497 5.506 5.505 5.521 5.557 5.583 5.585 5.566 5.591 5.590 5.604 5.621 5.634 5.655 5.636 5.687 5.687 0.700 0.738 0.740 0.749 0.762 0.760 0.763 0.765 0.760 0.756 0.757 0.758 0.756 0.756 0.756 0.758 0.759 0.759 0.759 0.759 0.760 0.759 0.759 0.759 0.759 0.759 0.758 0.758 0.758 0.758 0.757 0.757 0.757 0.756 0.756 0.755 0.755 0.755 0.755 0.754 0.754 0.754 0.754 0.754 0.754 0.754 0.754 0.754 0.755 0.755 0.756 0.756 0.757 0.758
5.417 5.422 5.428 5.435 5.460 5.463 5.484 5.504 5.508 5.517 5.564 5.589 5.592 5.579 5.597 5.601 5.620 5.632 5.654 5.680 5.656 0.681 0.696 0.698 0.711 0.723 0.737 0.744 0.749 0.754 0.755 0.752 0.752 0.753 0.751 0.750 0.751 0.753 0.754 0.754 0.754 0.755 0.755 0.755 0.755 0.755 0.755 0.755 0.755 0.755 0.755 0.755 0.755 0.754 0.754 0.754 0.754 0.753 0.753 0.753 0.753 0.753 0.752 0.752 0.752 0.752 0.752 0.752 0.752 0.753 0.753 0.753 0.754 0.754 0.755 0.756 0.757
5.430 5.441 5.447 5.466 5.475 5.469 5.496 5.519 5.524 5.540 5.586 5.612 5.611 5.602 5.615 5.607 5.628 5.622 5.684 5.688 0.658 0.667 0.681 0.696 0.707 0.719 0.729 0.735 0.741 0.745 0.745 0.744 0.745 0.745 0.744 0.745 0.747 0.749 0.749 0.749 0.750 0.751 0.751 0.751 0.751 0.751 0.751 0.752 0.752 0.752 0.752 0.752 0.752 0.752 0.751 0.751 0.751 0.751 0.751 0.751 0.750 0.750 0.750 0.750 0.750 0.750 0.750 0.750 0.751 0.751 0.751 0.752 0.752 0.753 0.754 0.755 0.756
5.441 5.442 5.447 5.464 5.474 5.468 5.494 5.517 5.521 5.528 5.579 5.602 5.611 5.612 5.636 5.593 5.625 5.634 0.675 0.679 0.683 0.678 0.678 0.686 0.697 0.710 0.718 0.725 0.733 0.736 0.737 0.738 0.739 0.738 0.739 0.741 0.743 0.744 0.744 0.745 0.746 0.747 0.747 0.747 0.747 0.747 0.748 0.748 0.748 0.748 0.749 0.749 0.749 0.749 0.749 0.749 0.748 0.748 0.748 0.748 0.748 0.748 0.748 0.748 0.748 0.748 0.749 0.749 0.749 0.750 0.750 0.751 0.751 0.752 0.753 0.754 0.755
5.464 5.457 5.463 5.478 5.498 5.491 5.525 5.554 5.563 5.569 5.604 5.620 5.625 5.634 5.658 5.628 0.560 0.645 0.640 0.647 0.653 0.658 0.669 0.683 0.697 0.705 0.713 0.722 0.727 0.727 0.727 0.729 0.731 0.732 0.735 0.737 0.739 0.740 0.740 0.740 0.741 0.742 0.743 0.743 0.743 0.744 0.744 0.745 0.745 0.745 0.745 0.746 0.746 0.746 0.746 0.746 0.746 0.746 0.746 0.746 0.746 0.746 0.746 0.746 0.746 0.747 0.747 0.747 0.748 0.748 0.748 0.749 0.750 0.751 0.752 0.753 0.754
5.456 5.456 5.476 5.487 5.503 5.502 5.531 5.553 5.566 5.566 5.597 5.627 5.587 5.672 5.672 0.581 0.621 0.638 0.646 0.655 0.660 0.666 0.677 0.687 0.693 0.699 0.708 0.714 0.715 0.716 0.720 0.724 0.727 0.729 0.731 0.732 0.733 0.734 0.735 0.736 0.737 0.738 0.739 0.739 0.740 0.740 0.741 0.741 0.742 0.742 0.742 0.742 0.743 0.743 0.743 0.743 0.743 0.743 0.744 0.744 0.744 0.744 0.744 0.744 0.744 0.745 0.745 0.745 0.746 0.746 0.747 0.748 0.748 0.749 0.750 0.751 0.753
5.467 5.479 5.503 5.500 5.523 5.520 5.529 5.568 5.579 5.586 5.616 5.623 5.596 0.646 0.666 0.615 0.624 0.634 0.638 0.644 0.650 0.661 0.673 0.680 0.684 0.693 0.701 0.704 0.707 0.712 0.717 0.719 0.720 0.723 0.726 0.727 0.728 0.729 0.731 0.732 0.733 0.734 0.735 0.735 0.736 0.737 0.737 0.738 0.738 0.739 0.739 0.739 0.740 0.740 0.740 0.741 0.741 0.741 0.741 0.741 0.742 0.742 0.742 0.742 0.743 0.743 0.743 0.744 0.744 0.745 0.746 0.746 0.747 0.748 0.749 0.750 0.752
5.495 5.508 5.532 5.532 5.549 5.541 5.556 5.588 5.606 5.605 5.658 5.651 0.618 0.621 0.618 0.629 0.637 0.637 0.636 0.643 0.651 0.664 0.671 0.674 0.682 0.693 0.697 0.698 0.702 0.707 0.710 0.712 0.716 0.719 0.721 0.722 0.723 0.725 0.726 0.728 0.729 0.730 0.731 0.731 0.732 0.733 0.734 0.734 0.735 0.735 0.736 0.736 0.737 0.737 0.738 0.738 0.738 0.738 0.739 0.739 0.739 0.740 0.740 0.740 0.741 0.741 0.742 0.742 0.743 0.743 0.744 0.745 0.746 0.747 0.748 0.749 0.750
5.492 5.512 5.514 5.504 5.529 5.546 5.573 5.602 5.643 5.638 0.646 0.634 0.643 0.639 0.626 0.633 0.634 0.630 0.634 0.642 0.652 0.661 0.664 0.671 0.682 0.686 0.686 0.690 0.696 0.701 0.704 0.708 0.712 0.714 0.715 0.717 0.719 0.721 0.723 0.724 0.725 0.726 0.727 0.728 0.729 0.730 0.730 0.731 0.732 0.732 0.733 0.734 0.734 0.734 0.735 0.735 0.736 0.736 0.736 0.737 0.737 0.737 0.738 0.738 0.739 0.739 0.740 0.740 0.741 0.742 0.742 0.743 0.744 0.745 0.747 0.748 0.749
5.512 5.530 5.529 5.522 5.518 5.555 5.609 5.626 0.645 0.649 0.616 0.618 0.627 0.619 0.620 0.625 0.624 0.627 0.636 0.644 0.653 0.656 0.661 0.670 0.675 0.675 0.680 0.688 0.693 0.696 0.700 0.704 0.707 0.708 0.710 0.713 0.715 0.717 0.719 0.720 0.721 0.722 0.723 0.724 0.725 0.726 0.727 0.728 0.729 0.729 0.730 0.731 0.731 0.732 0.732 0.733 0.733 0.733 0.734 0.734 0.735 0.735 0.736 0.736 0.737 0.737 0.738 0.739 0.739 0.740 0.741 0.742 0.743 0.744 0.745 0.747 0.748
5.475 5.503 5.533 5.537 0.451 0.516 0.570 0.577 0.614 0.613 0.610 0.625 0.626 0.623 0.627 0.627 0.627 0.632 0.637 0.643 0.647 0.651 0.660 0.666 0.667 0.671 0.679 0.684 0.686 0.691 0.696 0.699 0.701 0.704 0.707 0.709 0.711 0.713 0.714 0.715 0.717 0.718 0.720 0.721 0.722 0.723 0.724 0.725 0.725 0.726 0.727 0.728 0.728 0.729 0.729 0.730 0.730 0.731 0.732 0.732 0.733 0.733 0.734 0.734 0.735 0.735 0.736 0.737 0.738 0.739 0.739 0.740 0.742 0.743 0.744 0.745 0.747
0.410 0.499 0.528 0.521 0.562 0.583 0.584 0.599 0.599 0.609 0.621 0.625 0.621 0.624 0.628 0.626 0.628 0.632 0.637 0.642 0.646 0.654 0.660 0.661 0.663 0.669 0.675 0.678 0.683 0.689 0.692 0.694 0.697 0.700 0.703 0.705 0.707 0.708 0.710 0.711 0.713 0.715 0.716 0.717 0.718 0.719 0.720 0.721 0.722 0.723 0.724 0.725 0.725 0.726 0.727 0.727 0.728 0.729 0.729 0.730 0.730 0.731 0.732 0.732 0.733 0.734 0.734 0.735 0.736 0.737 0.738 0.739 0.740 0.741 0.743 0.744 0.746
0.503 0.526 0.558 0.565 0.565 0.553 0.562 0.585 0.600 0.607 0.612 0.610 0.614 0.621 0.622 0.622 0.626 0.631 0.636 0.639 0.645 0.651 0.652 0.654 0.660 0.666 0.670 0.675 0.680 0.684 0.686 0.689 0.693 0.696 0.698 0.700 0.702 0.704 0.706 0.708 0.710 0.711 0.712 0.714 0.715 0.716 0.717 0.718 0.719 0.720 0.721 0.722 0.723 0.723 0.724 0.725 0.725 0.726 0.727 0.728 0.728 0.729 0.730 0.730 0.731 0.732 0.733 0.733 0.734 0.735 0.736 0.737 0.739 0.740 0.741 0.743 0.745
0.541 0.523 0.521 0.539 0.541 0.558 0.582 0.588 0.590 0.595 0.600 0.605 0.614 0.616 0.616 0.619 0.623 0.627 0.631 0.635 0.640 0.643 0.645 0.651 0.657 0.662 0.667 0.672 0.675 0.678 0.682 0.686 0.690 0.692 0.694 0.697 0.699 0.701 0.702 0.704 0.706 0.707 0.709 0.710 0.712 0.713 0.714 0.715 0.716 0.717 0.718 0.719 0.720 0.721 0.721 0.722 0.723 0.724 0.725 0.725 0.726 0.727 0.728 0.728 0.729 0.730 0.731 0.732 0.733 0.734 0.735 0.736 0.737 0.739 0.740 0.742 0.743
0.522 0.526 0.537 0.554 0.560 0.569 0.576 0.578 0.587 0.596 0.602 0.607 0.610 0.609 0.613 0.617 0.622 0.627 0.631 0.635 0.638 0.640 0.645 0.651 0.655 0.660 0.664 0.668 0.672 0.675 0.680 0.683 0.686 0.688 0.690 0.692 0.695 0.697 0.699 0.701 0.702 0.704 0.706 0.707 0.708 0.710 0.711 0.712 0.713 0.714 0.715 0.716 0.717 0.718 0.719 0.720 0.721 0.721 0.722 0.723 0.724 0.725 0.726 0.726 0.727 0.728 0.729 0.730 0.731 0.732 0.733 0.735 0.736 0.737 0.739 0.740 0.742
0.535 0.542 0.548 0.552 0.558 0.566 0.574 0.584 0.593 0.597 0.599 0.602 0.604 0.609 0.614 0.619 0.624 0.627 0.630 0.632 0.635 0.638 0.644 0.648 0.652 0.656 0.661 0.664 0.668 0.672 0.676 0.679 0.681 0.684 0.686 0.689 0.691 0.693 0.695 0.697 0.699 0.701 0.702 0.704 0.705 0.707 0.708 0.709 0.710 0.711 0.713 0.714 0.715 0.716 0.716 0.717 0.718 0.719 0.720 0.721 0.722 0.723 0.724 0.724 0.725 0.726 0.727 0.728 0.729 0.731 0.732 0.733 0.734 0.736 0.738 0.739 0.741
0.540 0.544 0.549 0.553 0.560 0.567 0.574 0.580 0.583 0.586 0.591 0.597 0.603 0.609 0.614 0.618 0.621 0.623 0.625 0.628 0.632 0.636 0.641 0.645 0.649 0.653 0.657 0.661 0.665 0.669 0.672 0.675 0.677 0.680 0.683 0.686 0.688 0.690 0.692 0.694 0.696 0.697 0.699 0.701 0.702 0.704 0.705 0.706 0.707 0.709 0.710 0.711 0.712 0.713 0.714 0.715 0.716 0.717 0.718 0.719 0.720 0.721 0.722 0.723 0.724 0.725 0.726 0.727 0.728 0.729 0.730 0.732 0.733 0.735 0.736 0.738 0.740
0.540 0.547 0.553 0.558 0.563 0.567 0.570 0.575 0.580 0.587 0.595 0.600 0.605 0.609 0.612 0.615 0.617 0.620 0.622 0.626 0.630 0.634 0.638 0.642 0.646 0.650 0.654 0.659 0.662 0.666 0.669 0.671 0.674 0.677 0.680 0.682 0.684 0.687 0.689 0.691 0.693 0.694 0.696 0.698 0.699 0.701 0.702 0.703 0.705 0.706 0.707 0.708 0.709 0.711 0.712 0.713 0.714 0.715 0.716 0.717 0.718 0.719 0.720 0.721 0.722 0.723 0.724 0.725 0.726 0.728 0.729 0.730 0.732 0.733 0.735 0.737 0.739
0.545 0.549 0.552 0.555 0.559 0.564 0.570 0.577 0.584 0.592 0.598 0.602 0.606 0.609 0.612 0.614 0.617 0.620 0.623 0.626 0.630 0.634 0.637 0.641 0.645 0.649 0.653 0.656 0.660 0.662 0.665 0.668 0.671 0.674 0.677 0.679 0.681 0.684 0.686 0.688 0.690 0.692 0.693 0.695 0.696 0.698 0.699 0.701 0.702 0.703 0.705 0.706 0.707 0.708 0.709 0.710 0.711 0.713 0.714 0.715 0.716 0.717 0.718 0.719 0.720 0.721 0.722 0.723 0.725 0.726 0.727 0.729 0.730 0.732 0.734 0.736 0.738
0.544 0.546 0.548 0.553 0.558 0.565 0.573 0.580 0.587 0.592 0.597 0.601 0.604 0.607 0.609 0.611 0.615 0.618 0.621 0.625 0.629 0.632 0.635 0.639 0.643 0.647 0.650 0.654 0.656 0.659 0.662 0.665 0.668 0.671 0.674 0.676 0.678 0.681 0.683 0.685 0.687 0.689 0.690 0.692 0.694 0.695 0.697 0.698 0.699 0.701 0.702 0.703 0.705 0.706 0.707 0.708 0.709 0.710 0.712 0.713 0.714 0.715 0.716 0.717 0.718 0.719 0.721 0.722 0.723 0.725 0.726 0.728 0.729 0.731 0.733 0.734 0.736
