Test 3 - Meandering channel/Flood Modeller/Q3000_depth.1.00.asc
ncols         450
nrows         200
xllcorner     500
yllcorner     500
cellsize      20
NODATA_value  -9999
[rows 136 to 169 of 200, columns 0 to 76 of 450]
-9999.000 -9999.000 -9999.000 -9999.000 -9999.000 -9999.000 0.012 0.023 0.035 0.046 0.056 0.067 0.077 0.087 0.096 0.106 0.115 0.124 0.132 0.141 0.149 0.157 0.165 0.172 0.180 0.187 0.194 0.201 0.207 0.214 0.220 0.226 0.232 0.238 0.243 0.249 0.254 0.259 0.264 0.269 0.274 0.278 0.283 0.287 0.291 0.295 0.299 0.303 0.307 0.310 0.314 0.317 0.321 0.324 0.327 0.330 0.333 0.336 0.339 0.341 0.344 0.346 0.349 0.351 0.353 0.355 0.357 0.359 0.361 0.363 0.365 0.366 0.368 0.369 0.371 0.372 0.373
-9999.000 -9999.000 -9999.000 -9999.000 -9999.000 -9999.000 -9999.000 0.014 0.025 0.036 0.046 0.057 0.067 0.076 0.086 0.095 0.105 0.113 0.122 0.131 0.139 0.147 0.155 0.162 0.170 0.177 0.184 0.191 0.197 0.204 0.210 0.216 0.222 0.228 0.234 0.239 0.244 0.250 0.255 0.260 0.264 0.269 0.273 0.278 0.282 0.286 0.290 0.294 0.298 0.302 0.305 0.309 0.312 0.315 0.319 0.322 0.325 0.328 0.330 0.333 0.336 0.338 0.341 0.343 0.345 0.348 0.350 0.352 0.354 0.356 0.357 0.359 0.361 0.362 0.364 0.365 0.366
-9999.000 -9999.000 -9999.000 -9999.000 -9999.000 -9999.000 -9999.000 -9999.000 0.015 0.026 0.036 0.046 0.056 0.066 0.076 0.085 0.094 0.103 0.112 0.120 0.128 0.137 0.144 0.152 0.159 0.167 0.174 0.181 0.187 0.194 0.200 0.206 0.212 0.218 0.224 0.229 0.235 0.240 0.245 0.250 0.255 0.260 0.264 0.269 0.273 0.277 0.281 0.285 0.289 0.293 0.296 0.300 0.303 0.307 0.310 0.313 0.316 0.319 0.322 0.325 0.328 0.330 0.333 0.335 0.338 0.340 0.342 0.344 0.346 0.348 0.350 0.352 0.353 0.355 0.357 0.358 0.359
-9999.000 -9999.000 -9999.000 -9999.000 -9999.000 -9999.000 -9999.000 -9999.000 -9999.000 0.016 0.026 0.036 0.046 0.056 0.066 0.075 0.084 0.093 0.102 0.110 0.118 0.126 0.134 0.142 0.149 0.156 0.164 0.170 0.177 0.184 0.190 0.196 0.202 0.208 0.214 0.220 0.225 0.230 0.236 0.241 0.245 0.250 0.255 0.259 0.264 0.268 0.272 0.276 0.280 0.284 0.288 0.291 0.295 0.298 0.302 0.305 0.308 0.311 0.314 0.317 0.320 0.322 0.325 0.327 0.330 0.332 0.334 0.337 0.339 0.341 0.343 0.344 0.346 0.348 0.350 0.351 0.352
-9999.000 -9999.000 -9999.000 -9999.000 -9999.000 -9999.000 -9999.000 -9999.000 -9999.000 -9999.000 0.016 0.026 0.036 0.046 0.055 0.065 0.074 0.083 0.091 0.100 0.108 0.116 0.124 0.132 0.139 0.146 0.153 0.160 0.167 0.174 0.180 0.186 0.193 0.199 0.204 0.210 0.215 0.221 0.226 0.231 0.236 0.241 0.246 0.250 0.255 0.259 0.263 0.267 0.271 0.275 0.279 0.283 0.286 0.290 0.293 0.296 0.300 0.303 0.306 0.309 0.312 0.314 0.317 0.320 0.322 0.324 0.327 0.329 0.331 0.333 0.335 0.337 0.339 0.341 0.342 0.344 0.346
-9999.000 -9999.000 -9999.000 -9999.000 -9999.000 -9999.000 -9999.000 -9999.000 -9999.000 -9999.000 -9999.000 0.016 0.026 0.036 0.045 0.055 0.064 0.072 0.081 0.090 0.098 0.106 0.114 0.121 0.129 0.136 0.143 0.150 0.157 0.164 0.170 0.177 0.183 0.189 0.195 0.200 0.206 0.211 0.217 0.222 0.227 0.232 0.236 0.241 0.246 0.250 0.254 0.258 0.262 0.266 0.270 0.274 0.278 0.281 0.285 0.288 0.291 0.294 0.298 0.301 0.303 0.306 0.309 0.312 0.314 0.317 0.319 0.321 0.324 0.326 0.328 0.330 0.332 0.334 0.335 0.337 0.339
-9999.000 -9999.000 -9999.000 -9999.000 -9999.000 -9999.000 -9999.000 -9999.000 -9999.000 -9999.000 -9999.000 -9999.000 0.016 0.026 0.035 0.044 0.053 0.062 0.071 0.079 0.088 0.096 0.104 0.111 0.119 0.126 0.133 0.140 0.147 0.154 0.160 0.167 0.173 0.179 0.185 0.191 0.196 0.202 0.207 0.212 0.217 0.222 0.227 0.232 0.236 0.241 0.245 0.249 0.254 0.258 0.261 0.265 0.269 0.273 0.276 0.280 0.283 0.286 0.289 0.292 0.295 0.298 0.301 0.304 0.306 0.309 0.311 0.314 0.316 0.318 0.320 0.322 0.324 0.326 0.328 0.330 0.331
-9999.000 -9999.000 -9999.000 -9999.000 -9999.000 -9999.000 -9999.000 -9999.000 -9999.000 -9999.000 -9999.000 -9999.000 -9999.000 0.015 0.025 0.034 0.043 0.052 0.061 0.069 0.078 0.086 0.094 0.101 0.109 0.116 0.123 0.130 0.137 0.144 0.151 0.157 0.163 0.169 0.175 0.181 0.187 0.192 0.198 0.203 0.208 0.213 0.218 0.223 0.227 0.232 0.236 0.240 0.245 0.249 0.253 0.257 0.260 0.264 0.268 0.271 0.274 0.278 0.281 0.284 0.287 0.290 0.293 0.296 0.298 0.301 0.304 0.306 0.308 0.311 0.313 0.315 0.317 0.319 0.321 0.323 0.324
-9999.000 -9999.000 -9999.000 -9999.000 -9999.000 -9999.000 -9999.000 -9999.000 -9999.000 -9999.000 -9999.000 -9999.000 -9999.000 -9999.000 0.015 0.024 0.033 0.042 0.051 0.059 0.068 0.076 0.084 0.091 0.099 0.106 0.114 0.121 0.127 0.134 0.141 0.147 0.154 0.160 0.166 0.171 0.177 0.183 0.188 0.193 0.199 0.204 0.209 0.213 0.218 0.223 0.227 0.232 0.236 0.240 0.244 0.248 0.252 0.255 0.259 0.263 0.266 0.269 0.273 0.276 0.279 0.282 0.285 0.288 0.291 0.293 0.296 0.298 0.301 0.303 0.305 0.308 0.310 0.312 0.314 0.316 0.317
-9999.000 -9999.000 -9999.000 -9999.000 -9999.000 -9999.000 -9999.000 -9999.000 -9999.000 -9999.000 -9999.000 -9999.000 -9999.000 -9999.000 -9999.000 0.014 0.023 0.032 0.041 0.049 0.057 0.066 0.074 0.081 0.089 0.096 0.104 0.111 0.118 0.124 0.131 0.137 0.144 0.150 0.156 0.162 0.168 0.173 0.179 0.184 0.189 0.194 0.199 0.204 0.209 0.214 0.218 0.223 0.227 0.231 0.235 0.239 0.243 0.247 0.251 0.254 0.258 0.261 0.264 0.268 0.271 0.274 0.277 0.280 0.283 0.285 0.288 0.291 0.293 0.296 0.298 0.300 0.302 0.304 0.306 0.308 0.310
-9999.000 -9999.000 -9999.000 -9999.000 -9999.000 -9999.000 -9999.000 -9999.000 -9999.000 -9999.000 -9999.000 -9999.000 -9999.000 -9999.000 -9999.000 -9999.000 0.013 0.022 0.031 0.039 0.047 0.056 0.064 0.071 0.079 0.086 0.094 0.101 0.108 0.115 0.121 0.128 0.134 0.140 0.146 0.152 0.158 0.164 0.169 0.175 0.180 0.185 0.190 0.195 0.200 0.205 0.209 0.214 0.218 0.222 0.226 0.230 0.234 0.238 0.242 0.246 0.249 0.253 0.256 0.259 0.263 0.266 0.269 0.272 0.275 0.277 0.280 0.283 0.285 0.288 0.290 0.293 0.295 0.297 0.299 0.301 0.303
-9999.000 -9999.000 -9999.000 -9999.000 -9999.000 -9999.000 -9999.000 -9999.000 -9999.000 -9999.000 -9999.000 -9999.000 -9999.000 -9999.000 -9999.000 -9999.000 -9999.000 0.011 0.020 0.029 0.037 0.046 0.054 0.061 0.069 0.077 0.084 0.091 0.098 0.105 0.111 0.118 0.124 0.131 0.137 0.143 0.149 0.154 0.160 0.165 0.171 0.176 0.181 0.186 0.191 0.195 0.200 0.205 0.209 0.213 0.218 0.222 0.226 0.230 0.233 0.237 0.241 0.244 0.248 0.251 0.254 0.258 0.261 0.264 0.267 0.270 0.272 0.275 0.278 0.280 0.283 0.285 0.287 0.290 0.292 0.294 0.296
-9999.000 -9999.000 -9999.000 -9999.000 -9999.000 -9999.000 -9999.000 -9999.000 -9999.000 -9999.000 -9999.000 -9999.000 -9999.000 -9999.000 -9999.000 -9999.000 -9999.000 -9999.000 0.010 0.019 0.028 0.036 0.044 0.052 0.059 0.067 0.074 0.081 0.088 0.095 0.102 0.108 0.115 0.121 0.127 0.133 0.139 0.145 0.150 0.156 0.161 0.167 0.172 0.177 0.182 0.186 0.191 0.196 0.200 0.205 0.209 0.213 0.217 0.221 0.225 0.229 0.232 0.236 0.239 0.243 0.246 0.249 0.253 0.256 0.259 0.262 0.265 0.267 0.270 0.273 0.275 0.278 0.280 0.282 0.284 0.287 0.289
-9999.000 -9999.000 -9999.000 -9999.000 -9999.000 -9999.000 -9999.000 -9999.000 -9999.000 -9999.000 -9999.000 -9999.000 -9999.000 -9999.000 -9999.000 -9999.000 -9999.000 -9999.000 -9999.000 0.010 0.020 0.027 0.034 0.042 0.049 0.057 0.064 0.071 0.078 0.085 0.092 0.099 0.105 0.111 0.118 0.124 0.130 0.135 0.141 0.147 0.152 0.157 0.163 0.168 0.173 0.177 0.182 0.187 0.191 0.196 0.200 0.204 0.208 0.212 0.216 0.220 0.224 0.228 0.231 0.235 0.238 0.241 0.245 0.248 0.251 0.254 0.257 0.259 0.262 0.265 0.267 0.270 0.272 0.275 0.277 0.279 0.281
-9999.000 -9999.000 -9999.000 -9999.000 -9999.000 -9999.000 -9999.000 -9999.000 -9999.000 -9999.000 -9999.000 -9999.000 -9999.000 -9999.000 -9999.000 -9999.000 -9999.000 -9999.000 -9999.000 -9999.000 -9999.000 0.016 0.024 0.032 0.040 0.047 0.054 0.062 0.069 0.076 0.082 0.089 0.096 0.102 0.108 0.114 0.120 0.126 0.132 0.137 0.143 0.148 0.153 0.158 0.163 0.168 0.173 0.178 0.182 0.187 0.191 0.195 0.200 0.204 0.208 0.212 0.215 0.219 0.223 0.226 0.230 0.233 0.236 0.240 0.243 0.246 0.249 0.252 0.254 0.257 0.260 0.262 0.265 0.267 0.270 0.272 0.274
-9999.000 -9999.000 -9999.000 -9999.000 -9999.000 -9999.000 -9999.000 -9999.000 -9999.000 -9999.000 -9999.000 -9999.000 -9999.000 -9999.000 -9999.000 -9999.000 -9999.000 -9999.000 -9999.000 -9999.000 -9999.000 -9999.000 0.013 0.022 0.030 0.037 0.045 0.052 0.059 0.066 0.073 0.079 0.086 0.092 0.099 0.105 0.111 0.117 0.122 0.128 0.133 0.139 0.144 0.149 0.154 0.159 0.164 0.169 0.173 0.178 0.182 0.187 0.191 0.195 0.199 0.203 0.207 0.211 0.214 0.218 0.221 0.225 0.228 0.232 0.235 0.238 0.241 0.244 0.247 0.249 0.252 0.255 0.257 0.260 0.262 0.265 0.267
-9999.000 -9999.000 -9999.000 -9999.000 -9999.000 -9999.000 -9999.000 -9999.000 -9999.000 -9999.000 -9999.000 -9999.000 -9999.000 -9999.000 -9999.000 -9999.000 -9999.000 -9999.000 -9999.000 -9999.000 -9999.000 -9999.000 -9999.000 0.011 0.019 0.027 0.035 0.042 0.049 0.056 0.063 0.070 0.076 0.083 0.089 0.095 0.101 0.107 0.113 0.119 0.124 0.130 0.135 0.140 0.145 0.150 0.155 0.160 0.165 0.169 0.174 0.178 0.182 0.186 0.191 0.195 0.198 0.202 0.206 0.210 0.213 0.217 0.220 0.223 0.227 0.230 0.233 0.236 0.239 0.242 0.244 0.247 0.250 0.252 0.255 0.257 0.260
-9999.000 -9999.000 -9999.000 -9999.000 -9999.000 -9999.000 -9999.000 -9999.000 -9999.000 -9999.000 -9999.000 -9999.000 -9999.000 -9999.000 -9999.000 -9999.000 -9999.000 -9999.000 -9999.000 -9999.000 -9999.000 -9999.000 -9999.000 -9999.000 0.010 0.019 0.026 0.033 0.040 0.047 0.053 0.060 0.067 0.073 0.080 0.086 0.092 0.098 0.104 0.109 0.115 0.120 0.126 0.131 0.136 0.141 0.146 0.151 0.156 0.160 0.165 0.169 0.174 0.178 0.182 0.186 0.190 0.194 0.198 0.201 0.205 0.208 0.212 0.215 0.219 0.222 0.225 0.228 0.231 0.234 0.237 0.239 0.242 0.245 0.247 0.250 0.252
-9999.000 -9999.000 -9999.000 -9999.000 -9999.000 -9999.000 -9999.000 -9999.000 -9999.000 -9999.000 -9999.000 -9999.000 -9999.000 -9999.000 -9999.000 -9999.000 -9999.000 -9999.000 -9999.000 -9999.000 -9999.000 -9999.000 -9999.000 -9999.000 -9999.000 -9999.000 0.015 0.023 0.030 0.037 0.044 0.051 0.057 0.064 0.070 0.076 0.082 0.088 0.094 0.100 0.106 0.111 0.117 0.122 0.127 0.132 0.137 0.142 0.147 0.151 0.156 0.160 0.165 0.169 0.173 0.177 0.181 0.185 0.189 0.193 0.197 0.200 0.204 0.207 0.211 0.214 0.217 0.220 0.223 0.226 0.229 0.232 0.235 0.237 0.240 0.242 0.245
-9999.000 -9999.000 -9999.000 -9999.000 -9999.000 -9999.000 -9999.000 -9999.000 -9999.000 -9999.000 -9999.000 -9999.000 -9999.000 -9999.000 -9999.000 -9999.000 -9999.000 -9999.000 -9999.000 -9999.000 -9999.000 -9999.000 -9999.000 -9999.000 -9999.000 -9999.000 -9999.000 0.012 0.020 0.027 0.034 0.041 0.048 0.054 0.061 0.067 0.073 0.079 0.085 0.091 0.096 0.102 0.107 0.113 0.118 0.123 0.128 0.133 0.138 0.143 0.147 0.152 0.156 0.160 0.165 0.169 0.173 0.177 0.181 0.185 0.188 0.192 0.196 0.199 0.202 0.206 0.209 0.212 0.215 0.218 0.221 0.224 0.227 0.230 0.232 0.235 0.237
-9999.000 -9999.000 -9999.000 -9999.000 -9999.000 -9999.000 -9999.000 -9999.000 -9999.000 -9999.000 -9999.000 -9999.000 -9999.000 -9999.000 -9999.000 -9999.000 -9999.000 -9999.000 -9999.000 -9999.000 -9999.000 -9999.000 -9999.000 -9999.000 -9999.000 -9999.000 -9999.000 -9999.000 0.010 0.019 0.025 0.032 0.038 0.045 0.051 0.057 0.064 0.070 0.076 0.081 0.087 0.093 0.098 0.104 0.109 0.114 0.119 0.124 0.129 0.134 0.138 0.143 0.147 0.152 0.156 0.160 0.164 0.168 0.172 0.176 0.180 0.184 0.187 0.191 0.194 0.198 0.201 0.204 0.207 0.210 0.213 0.216 0.219 0.222 0.225 0.227 0.230
-9999.000 -9999.000 -9999.000 -9999.000 -9999.000 -9999.000 -9999.000 -9999.000 -9999.000 -9999.000 -9999.000 -9999.000 -9999.000 -9999.000 -9999.000 -9999.000 -9999.000 -9999.000 -9999.000 -9999.000 -9999.000 -9999.000 -9999.000 -9999.000 -9999.000 -9999.000 -9999.000 -9999.000 -9999.000 -9999.000 0.014 0.022 0.029 0.035 0.042 0.048 0.054 0.060 0.066 0.072 0.078 0.084 0.089 0.095 0.100 0.105 0.110 0.115 0.120 0.125 0.130 0.134 0.139 0.143 0.147 0.152 0.156 0.160 0.164 0.168 0.172 0.175 0.179 0.183 0.186 0.190 0.193 0.196 0.199 0.203 0.206 0.209 0.212 0.214 0.217 0.220 0.222
-9999.000 -9999.000 -9999.000 -9999.000 -9999.000 -9999.000 -9999.000 -9999.000 -9999.000 -9999.000 -9999.000 -9999.000 -9999.000 -9999.000 -9999.000 -9999.000 -9999.000 -9999.000 -9999.000 -9999.000 -9999.000 -9999.000 -9999.000 -9999.000 -9999.000 -9999.000 -9999.000 -9999.000 -9999.000 -9999.000 -9999.000 0.011 0.019 0.026 0.032 0.039 0.045 0.051 0.057 0.063 0.069 0.074 0.080 0.085 0.091 0.096 0.101 0.106 0.111 0.116 0.121 0.125 0.130 0.134 0.139 0.143 0.147 0.152 0.156 0.160 0.163 0.167 0.171 0.175 0.178 0.182 0.185 0.188 0.192 0.195 0.198 0.201 0.204 0.207 0.210 0.212 0.215
-9999.000 -9999.000 -9999.000 -9999.000 -9999.000 -9999.000 -9999.000 -9999.000 -9999.000 -9999.000 -9999.000 -9999.000 -9999.000 -9999.000 -9999.000 -9999.000 -9999.000 -9999.000 -9999.000 -9999.000 -9999.000 -9999.000 -9999.000 -9999.000 -9999.000 -9999.000 -9999.000 -9999.000 -9999.000 -9999.000 -9999.000 -9999.000 0.010 0.018 0.023 0.029 0.036 0.042 0.048 0.054 0.060 0.065 0.071 0.076 0.082 0.087 0.092 0.097 0.102 0.107 0.112 0.117 0.121 0.126 0.130 0.135 0.139 0.143 0.147 0.151 0.155 0.159 0.163 0.166 0.170 0.173 0.177 0.180 0.184 0.187 0.190 0.193 0.196 0.199 0.202 0.205 0.207
-9999.000 -9999.000 -9999.000 -9999.000 -9999.000 -9999.000 -9999.000 -9999.000 -9999.000 -9999.000 -9999.000 -9999.000 -9999.000 -9999.000 -9999.000 -9999.000 -9999.000 -9999.000 -9999.000 -9999.000 -9999.000 -9999.000 -9999.000 -9999.000 -9999.000 -9999.000 -9999.000 -9999.000 -9999.000 -9999.000 -9999.000 -9999.000 -9999.000 -9999.000 0.012 0.019 0.026 0.032 0.039 0.045 0.050 0.056 0.062 0.067 0.073 0.078 0.083 0.088 0.093 0.098 0.103 0.108 0.113 0.117 0.122 0.126 0.130 0.135 0.139 0.143 0.147 0.151 0.154 0.158 0.162 0.165 0.169 0.172 0.176 0.179 0.182 0.185 0.188 0.191 0.194 0.197 0.200
-9999.000 -9999.000 -9999.000 -9999.000 -9999.000 -9999.000 -9999.000 -9999.000 -9999.000 -9999.000 -9999.000 -9999.000 -9999.000 -9999.000 -9999.000 -9999.000 -9999.000 -9999.000 -9999.000 -9999.000 -9999.000 -9999.000 -9999.000 -9999.000 -9999.000 -9999.000 -9999.000 -9999.000 -9999.000 -9999.000 -9999.000 -9999.000 -9999.000 -9999.000 -9999.000 0.010 0.018 0.024 0.029 0.035 0.041 0.047 0.053 0.058 0.064 0.069 0.074 0.079 0.084 0.089 0.094 0.099 0.104 0.108 0.113 0.117 0.122 0.126 0.130 0.134 0.138 0.142 0.146 0.150 0.154 0.157 0.161 0.164 0.168 0.171 0.174 0.177 0.181 0.184 0.187 0.190 0.192
-9999.000 -9999.000 -9999.000 -9999.000 -9999.000 -9999.000 -9999.000 -9999.000 -9999.000 -9999.000 -9999.000 -9999.000 -9999.000 -9999.000 -9999.000 -9999.000 -9999.000 -9999.000 -9999.000 -9999.000 -9999.000 -9999.000 -9999.000 -9999.000 -9999.000 -9999.000 -9999.000 -9999.000 -9999.000 -9999.000 -9999.000 -9999.000 -9999.000 -9999.000 -9999.000 -9999.000 -9999.000 0.013 0.019 0.026 0.032 0.038 0.044 0.049 0.055 0.060 0.065 0.070 0.076 0.081 0.086 0.090 0.095 0.100 0.104 0.109 0.113 0.118 0.122 0.126 0.130 0.134 0.138 0.142 0.145 0.149 0.153 0.156 0.160 0.163 0.166 0.170 0.173 0.176 0.179 0.182 0.185
-9999.000 -9999.000 -9999.000 -9999.000 -9999.000 -9999.000 -9999.000 -9999.000 -9999.000 -9999.000 -9999.000 -9999.000 -9999.000 -9999.000 -9999.000 -9999.000 -9999.000 -9999.000 -9999.000 -9999.000 -9999.000 -9999.000 -9999.000 -9999.000 -9999.000 -9999.000 -9999.000 -9999.000 -9999.000 -9999.000 -9999.000 -9999.000 -9999.000 -9999.000 -9999.000 -9999.000 -9999.000 -9999.000 0.010 0.018 0.023 0.029 0.034 0.040 0.046 0.051 0.056 0.062 0.067 0.072 0.077 0.082 0.086 0.091 0.096 0.100 0.105 0.109 0.113 0.118 0.122 0.126 0.130 0.133 0.137 0.141 0.145 0.148 0.152 0.155 0.159 0.162 0.165 0.168 0.171 0.174 0.177
-9999.000 -9999.000 -9999.000 -9999.000 -9999.000 -9999.000 -9999.000 -9999.000 -9999.000 -9999.000 -9999.000 -9999.000 -9999.000 -9999.000 -9999.000 -9999.000 -9999.000 -9999.000 -9999.000 -9999.000 -9999.000 -9999.000 -9999.000 -9999.000 -9999.000 -9999.000 -9999.000 -9999.000 -9999.000 -9999.000 -9999.000 -9999.000 -9999.000 -9999.000 -9999.000 -9999.000 -9999.000 -9999.000 -9999.000 -9999.000 0.012 0.019 0.025 0.031 0.037 0.042 0.047 0.053 0.058 0.063 0.068 0.073 0.078 0.082 0.087 0.092 0.096 0.101 0.105 0.109 0.113 0.117 0.121 0.125 0.129 0.133 0.137 0.140 0.144 0.147 0.151 0.154 0.157 0.160 0.164 0.167 0.170
-9999.000 -9999.000 -9999.000 -9999.000 -9999.000 -9999.000 -9999.000 -9999.000 -9999.000 -9999.000 -9999.000 -9999.000 -9999.000 -9999.000 -9999.000 -9999.000 -9999.000 -9999.000 -9999.000 -9999.000 -9999.000 -9999.000 -9999.000 -9999.000 -9999.000 -9999.000 -9999.000 -9999.000 -9999.000 -9999.000 -9999.000 -9999.000 -9999.000 -9999.000 -9999.000 -9999.000 -9999.000 -9999.000 -9999.000 -9999.000 -9999.000 0.010 0.017 0.022 0.028 0.033 0.038 0.044 0.049 0.054 0.059 0.064 0.069 0.074 0.078 0.083 0.088 0.092 0.096 0.101 0.105 0.109 0.113 0.117 0.121 0.125 0.128 0.132 0.136 0.139 0.143 0.146 0.149 0.153 0.156 0.159 0.162
-9999.000 -9999.000 -9999.000 -9999.000 -9999.000 -9999.000 -9999.000 -9999.000 -9999.000 -9999.000 -9999.000 -9999.000 -9999.000 -9999.000 -9999.000 -9999.000 -9999.000 -9999.000 -9999.000 -9999.000 -9999.000 -9999.000 -9999.000 -9999.000 -9999.000 -9999.000 -9999.000 -9999.000 -9999.000 -9999.000 -9999.000 -9999.000 -9999.000 -9999.000 -9999.000 -9999.000 -9999.000 -9999.000 -9999.000 -9999.000 -9999.000 -9999.000 -9999.000 0.011 0.019 0.024 0.030 0.035 0.040 0.045 0.050 0.055 0.060 0.065 0.070 0.074 0.079 0.084 0.088 0.092 0.096 0.101 0.105 0.109 0.113 0.117 0.120 0.124 0.128 0.131 0.135 0.138 0.142 0.145 0.148 0.151 0.154
-9999.000 -9999.000 -9999.000 -9999.000 -9999.000 -9999.000 -9999.000 -9999.000 -9999.000 -9999.000 -9999.000 -9999.000 -9999.000 -9999.000 -9999.000 -9999.000 -9999.000 -9999.000 -9999.000 -9999.000 -9999.000 -9999.000 -9999.000 -9999.000 -9999.000 -9999.000 -9999.000 -9999.000 -9999.000 -9999.000 -9999.000 -9999.000 -9999.000 -9999.000 -9999.000 -9999.000 -9999.000 -9999.000 -9999.000 -9999.000 -9999.000 -9999.000 -9999.000 -9999.000 -9999.000 0.015 0.020 0.026 0.031 0.037 0.042 0.047 0.052 0.056 0.061 0.066 0.070 0.075 0.079 0.084 0.088 0.092 0.096 0.100 0.104 0.108 0.112 0.116 0.120 0.123 0.127 0.130 0.134 0.137 0.140 0.144 0.147
-9999.000 -9999.000 -9999.000 -9999.000 -9999.000 -9999.000 -9999.000 -9999.000 -9999.000 -9999.000 -9999.000 -9999.000 -9999.000 -9999.000 -9999.000 -9999.000 -9999.000 -9999.000 -9999.000 -9999.000 -9999.000 -9999.000 -9999.000 -9999.000 -9999.000 -9999.000 -9999.000 -9999.000 -9999.000 -9999.000 -9999.000 -9999.000 -9999.000 -9999.000 -9999.000 -9999.000 -9999.000 -9999.000 -9999.000 -9999.000 -9999.000 -9999.000 -9999.000 -9999.000 -9999.000 -9999.000 0.010 0.018 0.023 0.028 0.033 0.038 0.043 0.048 0.053 0.057 0.062 0.066 0.071 0.075 0.080 0.084 0.088 0.092 0.096 0.100 0.104 0.108 0.112 0.115 0.119 0.122 0.126 0.129 0.133 0.136 0.139
-9999.000 -9999.000 -9999.000 -9999.000 -9999.000 -9999.000 -9999.000 -9999.000 -9999.000 -9999.000 -9999.000 -9999.000 -9999.000 -9999.000 -9999.000 -9999.000 -9999.000 -9999.000 -9999.000 -9999.000 -9999.000 -9999.000 -9999.000 -9999.000 -9999.000 -9999.000 -9999.000 -9999.000 -9999.000 -9999.000 -9999.000 -9999.000 -9999.000 -9999.000 -9999.000 -9999.000 -9999.000 -9999.000 -9999.000 -9999.000 -9999.000 -9999.000 -9999.000 -9999.000 -9999.000 -9999.000 -9999.000 -9999.000 0.012 0.019 0.024 0.029 0.034 0.039 0.044 0.049 0.053 0.058 0.062 0.067 0.071 0.076 0.080 0.084 0.088 0.092 0.096 0.100 0.104 0.107 0.111 0.114 0.118 0.121 0.125 0.128 0.131
