Test 3 - Meandering channel/dtm.asc
ncols        500
nrows        250
xllcorner    0.000000000000
yllcorner    0.000000000000
cellsize     20.000000000000
nodata_value -9999
[rows 126 to 143 of 250, columns 82 to 122 of 500]
8.3599996566772460938 8.340000152587890625 8.31999969482421875 8.3000001907348632812 8.2799997329711914062 8.2600002288818359375 8.2399997711181640625 8.2200002670288085938 8.1999998092651367188 8.18000030517578125 8.159999847412109375 8.1400003433227539062 8.1199998855590820312 8.1000003814697265625 8.0799999237060546875 8.0600004196166992188 8.0399999618530273438 8.020000457763671875 8 7.9800000190734863281 7.9600000381469726562 7.9400000572204589844 7.9200000762939453125 7.9000000953674316406 7.8800001144409179688 7.8600001335144042969 7.840000152587890625 7.8200001716613769531 7.8000001907348632812 7.7800002098083496094 7.7600002288818359375 7.7399997711181640625 7.7199997901916503906 2.7000000476837158203 2.6800000667572021484 2.6600000858306884766 2.6400001049041748047 2.6199998855590820312 2.5999999046325683594 2.5799999237060546875 2.5599999427795410156
8.3599996566772460938 8.340000152587890625 8.31999969482421875 8.3000001907348632812 8.2799997329711914062 8.2600002288818359375 8.2399997711181640625 8.2200002670288085938 8.1999998092651367188 8.18000030517578125 8.159999847412109375 8.1400003433227539062 8.1199998855590820312 8.1000003814697265625 8.0799999237060546875 8.0600004196166992188 8.0399999618530273438 8.020000457763671875 8 7.9800000190734863281 7.9600000381469726562 7.9400000572204589844 7.9200000762939453125 7.9000000953674316406 7.8800001144409179688 7.8600001335144042969 7.840000152587890625 7.8200001716613769531 7.8000001907348632812 7.7800002098083496094 7.7600002288818359375 7.7399997711181640625 7.7199997901916503906 2.7000000476837158203 2.6800000667572021484 2.6600000858306884766 2.6400001049041748047 2.6199998855590820312 2.5999999046325683594 2.5799999237060546875 2.5599999427795410156
8.3599996566772460938 8.340000152587890625 8.31999969482421875 8.3000001907348632812 8.2799997329711914062 8.2600002288818359375 8.2399997711181640625 8.2200002670288085938 8.1999998092651367188 8.18000030517578125 8.159999847412109375 8.1400003433227539062 8.1199998855590820312 8.1000003814697265625 8.0799999237060546875 8.0600004196166992188 8.0399999618530273438 8.020000457763671875 8 7.9800000190734863281 7.9600000381469726562 7.9400000572204589844 7.9200000762939453125 7.9000000953674316406 7.8800001144409179688 7.8600001335144042969 7.840000152587890625 7.8200001716613769531 7.8000001907348632812 7.7800002098083496094 7.7600002288818359375 7.7399997711181640625 7.7199997901916503906 2.7000000476837158203 2.6800000667572021484 2.6600000858306884766 2.6400001049041748047 2.6199998855590820312 2.5999999046325683594 2.5799999237060546875 2.5599999427795410156
8.3599996566772460938 8.340000152587890625 8.31999969482421875 8.3000001907348632812 8.2799997329711914062 8.2600002288818359375 8.2399997711181640625 8.2200002670288085938 8.1999998092651367188 8.18000030517578125 8.159999847412109375 8.1400003433227539062 8.1199998855590820312 8.1000003814697265625 8.0799999237060546875 8.0600004196166992188 8.0399999618530273438 8.020000457763671875 8 7.9800000190734863281 7.9600000381469726562 7.9400000572204589844 7.9200000762939453125 7.9000000953674316406 7.8800001144409179688 7.8600001335144042969 7.840000152587890625 7.8200001716613769531 7.8000001907348632812 7.7800002098083496094 7.7600002288818359375 7.7399997711181640625 7.7199997901916503906 7.6999998092651367188 2.6800000667572021484 2.6600000858306884766 2.6400001049041748047 2.6199998855590820312 2.5999999046325683594 2.5799999237060546875 2.5599999427795410156
8.3599996566772460938 8.340000152587890625 8.31999969482421875 8.3000001907348632812 8.2799997329711914062 8.2600002288818359375 8.2399997711181640625 8.2200002670288085938 8.1999998092651367188 8.18000030517578125 8.159999847412109375 8.1400003433227539062 8.1199998855590820312 8.1000003814697265625 8.0799999237060546875 8.0600004196166992188 8.0399999618530273438 8.020000457763671875 8 7.9800000190734863281 7.9600000381469726562 7.9400000572204589844 7.9200000762939453125 7.9000000953674316406 7.8800001144409179688 7.8600001335144042969 7.840000152587890625 7.8200001716613769531 7.8000001907348632812 7.7800002098083496094 7.7600002288818359375 7.7399997711181640625 7.7199997901916503906 7.6999998092651367188 2.6800000667572021484 2.6600000858306884766 2.6400001049041748047 2.6199998855590820312 2.5999999046325683594 2.5799999237060546875 2.5599999427795410156
8.3599996566772460938 8.340000152587890625 8.31999969482421875 8.3000001907348632812 8.2799997329711914062 8.2600002288818359375 8.2399997711181640625 8.2200002670288085938 8.1999998092651367188 8.18000030517578125 8.159999847412109375 8.1400003433227539062 8.1199998855590820312 8.1000003814697265625 8.0799999237060546875 8.0600004196166992188 8.0399999618530273438 8.020000457763671875 8 7.9800000190734863281 7.9600000381469726562 7.9400000572204589844 7.9200000762939453125 7.9000000953674316406 7.8800001144409179688 7.8600001335144042969 7.840000152587890625 7.8200001716613769531 7.8000001907348632812 7.7800002098083496094 7.7600002288818359375 7.7399997711181640625 7.7199997901916503906 7.6999998092651367188 2.6800000667572021484 2.6600000858306884766 2.6400001049041748047 2.6199998855590820312 2.5999999046325683594 2.5799999237060546875 2.5599999427795410156
8.3599996566772460938 8.340000152587890625 8.31999969482421875 8.3000001907348632812 8.2799997329711914062 8.2600002288818359375 8.2399997711181640625 8.2200002670288085938 8.1999998092651367188 8.18000030517578125 8.159999847412109375 8.1400003433227539062 8.1199998855590820312 8.1000003814697265625 8.0799999237060546875 8.0600004196166992188 8.0399999618530273438 8.020000457763671875 8 7.9800000190734863281 7.9600000381469726562 7.9400000572204589844 7.9200000762939453125 7.9000000953674316406 7.8800001144409179688 7.8600001335144042969 7.840000152587890625 7.8200001716613769531 7.8000001907348632812 7.7800002098083496094 7.7600002288818359375 7.7399997711181640625 7.7199997901916503906 7.6999998092651367188 7.6799998283386230469 2.6600000858306884766 2.6400001049041748047 2.6199998855590820312 2.5999999046325683594 2.5799999237060546875 2.5599999427795410156
8.3599996566772460938 8.340000152587890625 8.31999969482421875 8.3000001907348632812 8.2799997329711914062 8.2600002288818359375 8.2399997711181640625 8.2200002670288085938 8.1999998092651367188 8.18000030517578125 8.159999847412109375 8.1400003433227539062 8.1199998855590820312 8.1000003814697265625 8.0799999237060546875 8.0600004196166992188 8.0399999618530273438 8.020000457763671875 8 7.9800000190734863281 7.9600000381469726562 7.9400000572204589844 7.9200000762939453125 7.9000000953674316406 7.8800001144409179688 7.8600001335144042969 7.840000152587890625 7.8200001716613769531 7.8000001907348632812 7.7800002098083496094 7.7600002288818359375 7.7399997711181640625 7.7199997901916503906 7.6999998092651367188 7.6799998283386230469 2.6600000858306884766 2.6400001049041748047 2.6199998855590820312 2.5999999046325683594 2.5799999237060546875 2.5599999427795410156
8.3599996566772460938 8.340000152587890625 8.31999969482421875 8.3000001907348632812 8.2799997329711914062 8.2600002288818359375 8.2399997711181640625 8.2200002670288085938 8.1999998092651367188 8.18000030517578125 8.159999847412109375 8.1400003433227539062 8.1199998855590820312 8.1000003814697265625 8.0799999237060546875 8.0600004196166992188 8.0399999618530273438 8.020000457763671875 8 7.9800000190734863281 7.9600000381469726562 7.9400000572204589844 7.9200000762939453125 7.9000000953674316406 7.8800001144409179688 7.8600001335144042969 7.840000152587890625 7.8200001716613769531 7.8000001907348632812 7.7800002098083496094 7.7600002288818359375 7.7399997711181640625 7.7199997901916503906 7.6999998092651367188 7.6799998283386230469 2.6600000858306884766 2.6400001049041748047 2.6199998855590820312 2.5999999046325683594 2.5799999237060546875 2.5599999427795410156
8.3599996566772460938 8.340000152587890625 8.31999969482421875 8.3000001907348632812 8.2799997329711914062 8.2600002288818359375 8.2399997711181640625 8.2200002670288085938 8.1999998092651367188 8.18000030517578125 8.159999847412109375 8.1400003433227539062 8.1199998855590820312 8.1000003814697265625 8.0799999237060546875 8.0600004196166992188 8.0399999618530273438 8.020000457763671875 8 7.9800000190734863281 7.9600000381469726562 7.9400000572204589844 7.9200000762939453125 7.9000000953674316406 7.8800001144409179688 7.8600001335144042969 7.840000152587890625 7.8200001716613769531 7.8000001907348632812 7.7800002098083496094 7.7600002288818359375 7.7399997711181640625 7.7199997901916503906 7.6999998092651367188 7.6799998283386230469 2.6600000858306884766 2.6400001049041748047 2.6199998855590820312 2.5999999046325683594 2.5799999237060546875 2.5599999427795410156
8.3599996566772460938 8.340000152587890625 8.31999969482421875 8.3000001907348632812 8.2799997329711914062 8.2600002288818359375 8.2399997711181640625 8.2200002670288085938 8.1999998092651367188 8.18000030517578125 8.159999847412109375 8.1400003433227539062 8.1199998855590820312 8.1000003814697265625 8.0799999237060546875 8.0600004196166992188 8.0399999618530273438 8.020000457763671875 8 7.9800000190734863281 7.9600000381469726562 7.9400000572204589844 7.9200000762939453125 7.9000000953674316406 7.8800001144409179688 7.8600001335144042969 7.840000152587890625 7.8200001716613769531 7.8000001907348632812 7.7800002098083496094 7.7600002288818359375 7.7399997711181640625 7.7199997901916503906 7.6999998092651367188 7.6799998283386230469 7.659999847412109375 2.6400001049041748047 2.6199998855590820312 2.5999999046325683594 2.5799999237060546875 2.5599999427795410156
8.3599996566772460938 8.340000152587890625 8.31999969482421875 8.3000001907348632812 8.2799997329711914062 8.2600002288818359375 8.2399997711181640625 8.2200002670288085938 8.1999998092651367188 8.18000030517578125 8.159999847412109375 8.1400003433227539062 8.1199998855590820312 8.1000003814697265625 8.0799999237060546875 8.0600004196166992188 8.0399999618530273438 8.020000457763671875 8 7.9800000190734863281 7.9600000381469726562 7.9400000572204589844 7.9200000762939453125 7.9000000953674316406 7.8800001144409179688 7.8600001335144042969 7.840000152587890625 7.8200001716613769531 7.8000001907348632812 7.7800002098083496094 7.7600002288818359375 7.7399997711181640625 7.7199997901916503906 7.6999998092651367188 7.6799998283386230469 7.659999847412109375 2.6400001049041748047 2.6199998855590820312 2.5999999046325683594 2.5799999237060546875 2.5599999427795410156
8.3599996566772460938 8.340000152587890625 8.31999969482421875 8.3000001907348632812 8.2799997329711914062 8.2600002288818359375 8.2399997711181640625 8.2200002670288085938 8.1999998092651367188 8.18000030517578125 8.159999847412109375 8.1400003433227539062 8.1199998855590820312 8.1000003814697265625 8.0799999237060546875 8.0600004196166992188 8.0399999618530273438 8.020000457763671875 8 7.9800000190734863281 7.9600000381469726562 7.9400000572204589844 7.9200000762939453125 7.9000000953674316406 7.8800001144409179688 7.8600001335144042969 7.840000152587890625 7.8200001716613769531 7.8000001907348632812 7.7800002098083496094 7.7600002288818359375 7.7399997711181640625 7.7199997901916503906 7.6999998092651367188 7.6799998283386230469 7.659999847412109375 7.6399998664855957031 2.6199998855590820312 2.5999999046325683594 2.5799999237060546875 2.5599999427795410156
8.3599996566772460938 8.340000152587890625 8.31999969482421875 8.3000001907348632812 8.2799997329711914062 8.2600002288818359375 8.2399997711181640625 8.2200002670288085938 8.1999998092651367188 8.18000030517578125 8.159999847412109375 8.1400003433227539062 8.1199998855590820312 8.1000003814697265625 8.0799999237060546875 8.0600004196166992188 8.0399999618530273438 8.020000457763671875 8 7.9800000190734863281 7.9600000381469726562 7.9400000572204589844 7.9200000762939453125 7.9000000953674316406 7.8800001144409179688 7.8600001335144042969 7.840000152587890625 7.8200001716613769531 7.8000001907348632812 7.7800002098083496094 7.7600002288818359375 7.7399997711181640625 7.7199997901916503906 7.6999998092651367188 7.6799998283386230469 7.659999847412109375 7.6399998664855957031 2.6199998855590820312 2.5999999046325683594 2.5799999237060546875 2.5599999427795410156
8.3599996566772460938 8.340000152587890625 8.31999969482421875 8.3000001907348632812 8.2799997329711914062 8.2600002288818359375 8.2399997711181640625 8.2200002670288085938 8.1999998092651367188 8.18000030517578125 8.159999847412109375 8.1400003433227539062 8.1199998855590820312 8.1000003814697265625 8.0799999237060546875 8.0600004196166992188 8.0399999618530273438 8.020000457763671875 8 7.9800000190734863281 7.9600000381469726562 7.9400000572204589844 7.9200000762939453125 7.9000000953674316406 7.8800001144409179688 7.8600001335144042969 7.840000152587890625 7.8200001716613769531 7.8000001907348632812 7.7800002098083496094 7.7600002288818359375 7.7399997711181640625 7.7199997901916503906 7.6999998092651367188 7.6799998283386230469 7.659999847412109375 7.6399998664855957031 2.6199998855590820312 2.5999999046325683594 2.5799999237060546875 2.5599999427795410156
8.3599996566772460938 8.340000152587890625 8.31999969482421875 8.3000001907348632812 8.2799997329711914062 8.2600002288818359375 8.2399997711181640625 8.2200002670288085938 8.1999998092651367188 8.18000030517578125 8.159999847412109375 8.1400003433227539062 8.1199998855590820312 8.1000003814697265625 8.0799999237060546875 8.0600004196166992188 8.0399999618530273438 8.020000457763671875 8 7.9800000190734863281 7.9600000381469726562 7.9400000572204589844 7.9200000762939453125 7.9000000953674316406 7.8800001144409179688 7.8600001335144042969 7.840000152587890625 7.8200001716613769531 7.8000001907348632812 7.7800002098083496094 7.7600002288818359375 7.7399997711181640625 7.7199997901916503906 7.6999998092651367188 7.6799998283386230469 7.659999847412109375 7.6399998664855957031 7.6199998855590820312 2.5999999046325683594 2.5799999237060546875 2.5599999427795410156
8.3599996566772460938 8.340000152587890625 8.31999969482421875 8.3000001907348632812 8.2799997329711914062 8.2600002288818359375 8.2399997711181640625 8.2200002670288085938 8.1999998092651367188 8.18000030517578125 8.159999847412109375 8.1400003433227539062 8.1199998855590820312 8.1000003814697265625 8.0799999237060546875 8.0600004196166992188 8.0399999618530273438 8.020000457763671875 8 7.9800000190734863281 7.9600000381469726562 7.9400000572204589844 7.9200000762939453125 7.9000000953674316406 7.8800001144409179688 7.8600001335144042969 7.840000152587890625 7.8200001716613769531 7.8000001907348632812 7.7800002098083496094 7.7600002288818359375 7.7399997711181640625 7.7199997901916503906 7.6999998092651367188 7.6799998283386230469 7.659999847412109375 7.6399998664855957031 7.6199998855590820312 2.5999999046325683594 2.5799999237060546875 2.5599999427795410156
8.3599996566772460938 8.340000152587890625 8.31999969482421875 8.3000001907348632812 8.2799997329711914062 8.2600002288818359375 8.2399997711181640625 8.2200002670288085938 8.1999998092651367188 8.18000030517578125 8.159999847412109375 8.1400003433227539062 8.1199998855590820312 8.1000003814697265625 8.0799999237060546875 8.0600004196166992188 8.0399999618530273438 8.020000457763671875 8 7.9800000190734863281 7.9600000381469726562 7.9400000572204589844 7.9200000762939453125 7.9000000953674316406 7.8800001144409179688 7.8600001335144042969 7.840000152587890625 7.8200001716613769531 7.8000001907348632812 7.7800002098083496094 7.7600002288818359375 7.7399997711181640625 7.7199997901916503906 7.6999998092651367188 7.6799998283386230469 7.659999847412109375 7.6399998664855957031 7.6199998855590820312 2.5999999046325683594 2.5799999237060546875 2.5599999427795410156
