Test 3 - Meandering channel/dtm.asc
ncols        500
nrows        250
xllcorner    0.000000000000
yllcorner    0.000000000000
cellsize     20.000000000000
nodata_value -9999
[rows 72 to 89 of 250, columns 451 to 491 of 500]
0.98000001907348632812 0.95999997854232788086 0.93999999761581420898 0.92000001668930053711 0.89999997615814208984 0.87999999523162841797 0.86000001430511474609 0.83999997377395629883 0.81999999284744262695 0.80000001192092895508 0.77999997138977050781 0.75999999046325683594 0.74000000953674316406 0.72000002861022949219 0.69999998807907104492 0.68000000715255737305 0.66000002622604370117 0.63999998569488525391 0.62000000476837158203 0.60000002384185791016 0.57999998331069946289 0.56000000238418579102 0.54000002145767211914 0.51999998092651367188 0.5 0.47999998927116394043 0.46000000834465026855 0.43999999761581420898 0.41999998688697814941 0.40000000596046447754 0.37999999523162841797 0.36000001430511474609 0.34000000357627868652 0.31999999284744262695 0.30000001192092895508 0.28000000119209289551 0.25999999046325683594 0.23999999463558197021 0.21999999880790710449 0.20000000298023223877 0.18000000715255737305
0.98000001907348632812 0.95999997854232788086 0.93999999761581420898 0.92000001668930053711 0.89999997615814208984 0.87999999523162841797 0.86000001430511474609 0.83999997377395629883 0.81999999284744262695 0.80000001192092895508 0.77999997138977050781 0.75999999046325683594 0.74000000953674316406 0.72000002861022949219 0.69999998807907104492 0.68000000715255737305 0.66000002622604370117 0.63999998569488525391 0.62000000476837158203 0.60000002384185791016 0.57999998331069946289 0.56000000238418579102 0.54000002145767211914 0.51999998092651367188 0.5 0.47999998927116394043 0.46000000834465026855 0.43999999761581420898 0.41999998688697814941 0.40000000596046447754 0.37999999523162841797 0.36000001430511474609 0.34000000357627868652 0.31999999284744262695 0.30000001192092895508 0.28000000119209289551 0.25999999046325683594 0.23999999463558197021 0.21999999880790710449 0.20000000298023223877 0.18000000715255737305
0.98000001907348632812 0.95999997854232788086 0.93999999761581420898 0.92000001668930053711 0.89999997615814208984 0.87999999523162841797 0.86000001430511474609 0.83999997377395629883 0.81999999284744262695 0.80000001192092895508 0.77999997138977050781 0.75999999046325683594 0.74000000953674316406 0.72000002861022949219 0.69999998807907104492 0.68000000715255737305 0.66000002622604370117 0.63999998569488525391 0.62000000476837158203 0.60000002384185791016 0.57999998331069946289 0.56000000238418579102 0.54000002145767211914 0.51999998092651367188 0.5 0.47999998927116394043 0.46000000834465026855 0.43999999761581420898 0.41999998688697814941 0.40000000596046447754 0.37999999523162841797 0.36000001430511474609 0.34000000357627868652 0.31999999284744262695 0.30000001192092895508 0.28000000119209289551 0.25999999046325683594 0.23999999463558197021 0.21999999880790710449 0.20000000298023223877 0.18000000715255737305
0.98000001907348632812 0.95999997854232788086 0.93999999761581420898 0.92000001668930053711 0.89999997615814208984 0.87999999523162841797 0.86000001430511474609 0.83999997377395629883 0.81999999284744262695 0.80000001192092895508 0.77999997138977050781 0.75999999046325683594 0.74000000953674316406 0.72000002861022949219 0.69999998807907104492 0.68000000715255737305 0.66000002622604370117 0.63999998569488525391 0.62000000476837158203 0.60000002384185791016 0.57999998331069946289 0.56000000238418579102 0.54000002145767211914 0.51999998092651367188 0.5 0.47999998927116394043 0.46000000834465026855 0.43999999761581420898 0.41999998688697814941 0.40000000596046447754 0.37999999523162841797 0.36000001430511474609 0.34000000357627868652 0.31999999284744262695 0.30000001192092895508 0.28000000119209289551 0.25999999046325683594 0.23999999463558197021 0.21999999880790710449 0.20000000298023223877 0.18000000715255737305
0.98000001907348632812 0.95999997854232788086 0.93999999761581420898 0.92000001668930053711 0.89999997615814208984 0.87999999523162841797 0.86000001430511474609 0.83999997377395629883 0.81999999284744262695 0.80000001192092895508 0.77999997138977050781 0.75999999046325683594 0.74000000953674316406 0.72000002861022949219 0.69999998807907104492 0.68000000715255737305 0.66000002622604370117 0.63999998569488525391 0.62000000476837158203 0.60000002384185791016 0.57999998331069946289 0.56000000238418579102 0.54000002145767211914 0.51999998092651367188 0.5 0.47999998927116394043 0.46000000834465026855 0.43999999761581420898 0.41999998688697814941 0.40000000596046447754 0.37999999523162841797 0.36000001430511474609 0.34000000357627868652 0.31999999284744262695 0.30000001192092895508 0.28000000119209289551 0.25999999046325683594 0.23999999463558197021 0.21999999880790710449 0.20000000298023223877 0.18000000715255737305
0.98000001907348632812 0.95999997854232788086 0.93999999761581420898 0.92000001668930053711 0.89999997615814208984 0.87999999523162841797 0.86000001430511474609 0.83999997377395629883 0.81999999284744262695 0.80000001192092895508 0.77999997138977050781 0.75999999046325683594 0.74000000953674316406 0.72000002861022949219 0.69999998807907104492 0.68000000715255737305 0.66000002622604370117 0.63999998569488525391 0.62000000476837158203 0.60000002384185791016 0.57999998331069946289 0.56000000238418579102 0.54000002145767211914 0.51999998092651367188 0.5 0.47999998927116394043 0.46000000834465026855 0.43999999761581420898 0.41999998688697814941 0.40000000596046447754 0.37999999523162841797 0.36000001430511474609 0.34000000357627868652 0.31999999284744262695 0.30000001192092895508 0.28000000119209289551 0.25999999046325683594 0.23999999463558197021 0.21999999880790710449 0.20000000298023223877 0.18000000715255737305
0.98000001907348632812 0.95999997854232788086 0.93999999761581420898 0.92000001668930053711 0.89999997615814208984 0.87999999523162841797 0.86000001430511474609 0.83999997377395629883 0.81999999284744262695 0.80000001192092895508 0.77999997138977050781 0.75999999046325683594 0.74000000953674316406 0.72000002861022949219 0.69999998807907104492 0.68000000715255737305 0.66000002622604370117 0.63999998569488525391 0.62000000476837158203 0.60000002384185791016 0.57999998331069946289 0.56000000238418579102 0.54000002145767211914 0.51999998092651367188 0.5 0.47999998927116394043 0.46000000834465026855 0.43999999761581420898 0.41999998688697814941 0.40000000596046447754 0.37999999523162841797 0.36000001430511474609 0.34000000357627868652 0.31999999284744262695 0.30000001192092895508 0.28000000119209289551 0.25999999046325683594 0.23999999463558197021 0.21999999880790710449 0.20000000298023223877 0.18000000715255737305
0.98000001907348632812 0.95999997854232788086 0.93999999761581420898 0.92000001668930053711 0.89999997615814208984 0.87999999523162841797 0.86000001430511474609 0.83999997377395629883 0.81999999284744262695 0.80000001192092895508 0.77999997138977050781 0.75999999046325683594 0.74000000953674316406 0.72000002861022949219 0.69999998807907104492 0.68000000715255737305 0.66000002622604370117 0.63999998569488525391 0.62000000476837158203 0.60000002384185791016 0.57999998331069946289 0.56000000238418579102 0.54000002145767211914 0.51999998092651367188 0.5 0.47999998927116394043 0.46000000834465026855 0.43999999761581420898 0.41999998688697814941 0.40000000596046447754 0.37999999523162841797 0.36000001430511474609 0.34000000357627868652 0.31999999284744262695 0.30000001192092895508 0.28000000119209289551 0.25999999046325683594 0.23999999463558197021 0.21999999880790710449 0.20000000298023223877 0.18000000715255737305
0.98000001907348632812 0.95999997854232788086 0.93999999761581420898 0.92000001668930053711 0.89999997615814208984 0.87999999523162841797 0.86000001430511474609 0.83999997377395629883 0.81999999284744262695 0.80000001192092895508 0.77999997138977050781 0.75999999046325683594 0.74000000953674316406 0.72000002861022949219 0.69999998807907104492 0.68000000715255737305 0.66000002622604370117 0.63999998569488525391 0.62000000476837158203 0.60000002384185791016 0.57999998331069946289 0.56000000238418579102 0.54000002145767211914 0.51999998092651367188 0.5 0.47999998927116394043 0.46000000834465026855 0.43999999761581420898 0.41999998688697814941 0.40000000596046447754 0.37999999523162841797 0.36000001430511474609 0.34000000357627868652 0.31999999284744262695 0.30000001192092895508 0.28000000119209289551 0.25999999046325683594 0.23999999463558197021 0.21999999880790710449 0.20000000298023223877 0.18000000715255737305
0.98000001907348632812 0.95999997854232788086 0.93999999761581420898 0.92000001668930053711 0.89999997615814208984 0.87999999523162841797 0.86000001430511474609 0.83999997377395629883 0.81999999284744262695 0.80000001192092895508 0.77999997138977050781 0.75999999046325683594 0.74000000953674316406 0.72000002861022949219 0.69999998807907104492 0.68000000715255737305 0.66000002622604370117 0.63999998569488525391 0.62000000476837158203 0.60000002384185791016 0.57999998331069946289 0.56000000238418579102 0.54000002145767211914 0.51999998092651367188 0.5 0.47999998927116394043 0.46000000834465026855 0.43999999761581420898 0.41999998688697814941 0.40000000596046447754 0.37999999523162841797 0.36000001430511474609 0.34000000357627868652 0.31999999284744262695 0.30000001192092895508 0.28000000119209289551 0.25999999046325683594 0.23999999463558197021 0.21999999880790710449 0.20000000298023223877 0.18000000715255737305
0.98000001907348632812 0.95999997854232788086 0.93999999761581420898 0.92000001668930053711 0.89999997615814208984 0.87999999523162841797 0.86000001430511474609 0.83999997377395629883 0.81999999284744262695 0.80000001192092895508 0.77999997138977050781 0.75999999046325683594 0.74000000953674316406 0.72000002861022949219 0.69999998807907104492 0.68000000715255737305 0.66000002622604370117 0.63999998569488525391 0.62000000476837158203 0.60000002384185791016 0.57999998331069946289 0.56000000238418579102 0.54000002145767211914 0.51999998092651367188 0.5 0.47999998927116394043 0.46000000834465026855 0.43999999761581420898 0.41999998688697814941 0.40000000596046447754 0.37999999523162841797 0.36000001430511474609 0.34000000357627868652 0.31999999284744262695 0.30000001192092895508 0.28000000119209289551 0.25999999046325683594 0.23999999463558197021 0.21999999880790710449 0.20000000298023223877 0.18000000715255737305
0.98000001907348632812 0.95999997854232788086 0.93999999761581420898 0.92000001668930053711 0.89999997615814208984 0.87999999523162841797 0.86000001430511474609 0.83999997377395629883 0.81999999284744262695 0.80000001192092895508 0.77999997138977050781 0.75999999046325683594 0.74000000953674316406 0.72000002861022949219 0.69999998807907104492 0.68000000715255737305 0.66000002622604370117 0.63999998569488525391 0.62000000476837158203 0.60000002384185791016 -4.4200000762939453125 -4.4400000572204589844 0.54000002145767211914 0.51999998092651367188 0.5 0.47999998927116394043 0.46000000834465026855 0.43999999761581420898 0.41999998688697814941 0.40000000596046447754 0.37999999523162841797 0.36000001430511474609 0.34000000357627868652 0.31999999284744262695 0.30000001192092895508 0.28000000119209289551 0.25999999046325683594 0.23999999463558197021 0.21999999880790710449 0.20000000298023223877 0.18000000715255737305
0.98000001907348632812 0.95999997854232788086 0.93999999761581420898 0.92000001668930053711 0.89999997615814208984 0.87999999523162841797 0.86000001430511474609 0.83999997377395629883 0.81999999284744262695 0.80000001192092895508 0.77999997138977050781 0.75999999046325683594 0.74000000953674316406 0.72000002861022949219 0.69999998807907104492 0.68000000715255737305 0.66000002622604370117 0.63999998569488525391 -4.3800001144409179688 -4.4000000953674316406 -4.4200000762939453125 -4.4400000572204589844 -4.4600000381469726562 -4.4800000190734863281 0.5 0.47999998927116394043 0.46000000834465026855 0.43999999761581420898 0.41999998688697814941 0.40000000596046447754 0.37999999523162841797 0.36000001430511474609 0.34000000357627868652 0.31999999284744262695 0.30000001192092895508 0.28000000119209289551 0.25999999046325683594 0.23999999463558197021 0.21999999880790710449 0.20000000298023223877 0.18000000715255737305
0.98000001907348632812 0.95999997854232788086 0.93999999761581420898 0.92000001668930053711 0.89999997615814208984 0.87999999523162841797 0.86000001430511474609 0.83999997377395629883 0.81999999284744262695 0.80000001192092895508 0.77999997138977050781 0.75999999046325683594 0.74000000953674316406 0.72000002861022949219 0.69999998807907104492 0.68000000715255737305 0.66000002622604370117 -4.3600001335144042969 -4.3800001144409179688 -4.4000000953674316406 -4.4200000762939453125 -4.4400000572204589844 -4.4600000381469726562 -4.4800000190734863281 -4.5 0.47999998927116394043 0.46000000834465026855 0.43999999761581420898 0.41999998688697814941 0.40000000596046447754 0.37999999523162841797 0.36000001430511474609 0.34000000357627868652 0.31999999284744262695 0.30000001192092895508 0.28000000119209289551 0.25999999046325683594 0.23999999463558197021 0.21999999880790710449 0.20000000298023223877 0.18000000715255737305
0.98000001907348632812 0.95999997854232788086 0.93999999761581420898 0.92000001668930053711 0.89999997615814208984 0.87999999523162841797 0.86000001430511474609 0.83999997377395629883 0.81999999284744262695 0.80000001192092895508 0.77999997138977050781 0.75999999046325683594 0.74000000953674316406 0.72000002861022949219 0.69999998807907104492 -4.3200001716613769531 -4.340000152587890625 -4.3600001335144042969 -4.3800001144409179688 -4.4000000953674316406 -4.4200000762939453125 -4.4400000572204589844 -4.4600000381469726562 -4.4800000190734863281 -4.5 -4.5199999809265136719 0.46000000834465026855 0.43999999761581420898 0.41999998688697814941 0.40000000596046447754 0.37999999523162841797 0.36000001430511474609 0.34000000357627868652 0.31999999284744262695 0.30000001192092895508 0.28000000119209289551 0.25999999046325683594 0.23999999463558197021 0.21999999880790710449 0.20000000298023223877 0.18000000715255737305
0.98000001907348632812 0.95999997854232788086 0.93999999761581420898 0.92000001668930053711 0.89999997615814208984 0.87999999523162841797 0.86000001430511474609 0.83999997377395629883 0.81999999284744262695 0.80000001192092895508 0.77999997138977050781 0.75999999046325683594 0.74000000953674316406 0.72000002861022949219 -4.3000001907348632812 -4.3200001716613769531 -4.340000152587890625 -4.3600001335144042969 -4.3800001144409179688 -4.4000000953674316406 -4.4200000762939453125 -4.4400000572204589844 -4.4600000381469726562 -4.4800000190734863281 -4.5 -4.5199999809265136719 0.46000000834465026855 0.43999999761581420898 0.41999998688697814941 0.40000000596046447754 0.37999999523162841797 0.36000001430511474609 0.34000000357627868652 0.31999999284744262695 0.30000001192092895508 0.28000000119209289551 0.25999999046325683594 0.23999999463558197021 0.21999999880790710449 0.20000000298023223877 0.18000000715255737305
0.98000001907348632812 0.95999997854232788086 0.93999999761581420898 0.92000001668930053711 0.89999997615814208984 0.87999999523162841797 0.86000001430511474609 0.83999997377395629883 0.81999999284744262695 0.80000001192092895508 0.77999997138977050781 0.75999999046325683594 0.74000000953674316406 -4.2800002098083496094 -4.3000001907348632812 -4.3200001716613769531 -4.340000152587890625 -4.3600001335144042969 -4.3800001144409179688 -4.4000000953674316406 -4.4200000762939453125 -4.4400000572204589844 -4.4600000381469726562 -4.4800000190734863281 -4.5 -4.5199999809265136719 -4.5399999618530273438 0.43999999761581420898 0.41999998688697814941 0.40000000596046447754 0.37999999523162841797 0.36000001430511474609 0.34000000357627868652 0.31999999284744262695 0.30000001192092895508 0.28000000119209289551 0.25999999046325683594 0.23999999463558197021 0.21999999880790710449 0.20000000298023223877 0.18000000715255737305
0.98000001907348632812 0.95999997854232788086 0.93999999761581420898 0.92000001668930053711 0.89999997615814208984 0.87999999523162841797 0.86000001430511474609 0.83999997377395629883 0.81999999284744262695 0.80000001192092895508 0.77999997138977050781 0.75999999046325683594 -4.2600002288818359375 -4.2800002098083496094 -4.3000001907348632812 -4.3200001716613769531 -4.340000152587890625 -4.3600001335144042969 -4.3800001144409179688 -4.4000000953674316406 -4.4200000762939453125 -4.4400000572204589844 -4.4600000381469726562 -4.4800000190734863281 -4.5 -4.5199999809265136719 -4.5399999618530273438 -4.5599999427795410156 0.41999998688697814941 0.40000000596046447754 0.37999999523162841797 0.36000001430511474609 0.34000000357627868652 0.31999999284744262695 0.30000001192092895508 0.28000000119209289551 0.25999999046325683594 0.23999999463558197021 0.21999999880790710449 0.20000000298023223877 0.18000000715255737305
