Test 3 - Meandering channel/dtm.asc
ncols        500
nrows        250
xllcorner    0.000000000000
yllcorner    0.000000000000
cellsize     20.000000000000
nodata_value -9999
[rows 162 to 179 of 250, columns 287 to 327 of 500]
4.2600002288818359375 4.2399997711181640625 4.2199997901916503906 4.1999998092651367188 4.1799998283386230469 4.159999847412109375 -0.86000001430511474609 -0.87999999523162841797 -0.89999997615814208984 -0.92000001668930053711 -0.93999999761581420898 -0.95999997854232788086 -0.98000001907348632812 -1 -1.0199999809265136719 -1.0399999618530273438 -1.0599999427795410156 -1.0800000429153442383 3.9000000953674316406 3.8800001144409179688 3.8599998950958251953 3.8399999141693115234 3.8199999332427978516 3.7999999523162841797 3.7799999713897705078 3.7599999904632568359 3.7400000095367431641 3.7200000286102294922 3.7000000476837158203 3.6800000667572021484 3.6600000858306884766 3.6400001049041748047 3.6199998855590820312 3.5999999046325683594 3.5799999237060546875 3.5599999427795410156 3.5399999618530273438 3.5199999809265136719 3.5 3.4800000190734863281 3.4600000381469726562
4.2600002288818359375 4.2399997711181640625 4.2199997901916503906 4.1999998092651367188 4.1799998283386230469 4.159999847412109375 -0.86000001430511474609 -0.87999999523162841797 -0.89999997615814208984 -0.92000001668930053711 -0.93999999761581420898 -0.95999997854232788086 -0.98000001907348632812 -1 -1.0199999809265136719 -1.0399999618530273438 -1.0599999427795410156 -1.0800000429153442383 -1.1000000238418579102 3.8800001144409179688 3.8599998950958251953 3.8399999141693115234 3.8199999332427978516 3.7999999523162841797 3.7799999713897705078 3.7599999904632568359 3.7400000095367431641 3.7200000286102294922 3.7000000476837158203 3.6800000667572021484 3.6600000858306884766 3.6400001049041748047 3.6199998855590820312 3.5999999046325683594 3.5799999237060546875 3.5599999427795410156 3.5399999618530273438 3.5199999809265136719 3.5 3.4800000190734863281 3.4600000381469726562
4.2600002288818359375 4.2399997711181640625 4.2199997901916503906 4.1999998092651367188 4.1799998283386230469 4.159999847412109375 4.1399998664855957031 -0.87999999523162841797 -0.89999997615814208984 -0.92000001668930053711 -0.93999999761581420898 -0.95999997854232788086 -0.98000001907348632812 -1 -1.0199999809265136719 -1.0399999618530273438 -1.0599999427795410156 -1.0800000429153442383 -1.1000000238418579102 -1.120000004768371582 3.8599998950958251953 3.8399999141693115234 3.8199999332427978516 3.7999999523162841797 3.7799999713897705078 3.7599999904632568359 3.7400000095367431641 3.7200000286102294922 3.7000000476837158203 3.6800000667572021484 3.6600000858306884766 3.6400001049041748047 3.6199998855590820312 3.5999999046325683594 3.5799999237060546875 3.5599999427795410156 3.5399999618530273438 3.5199999809265136719 3.5 3.4800000190734863281 3.4600000381469726562
4.2600002288818359375 4.2399997711181640625 4.2199997901916503906 4.1999998092651367188 4.1799998283386230469 4.159999847412109375 4.1399998664855957031 4.1199998855590820312 -0.89999997615814208984 -0.92000001668930053711 -0.93999999761581420898 -0.95999997854232788086 -0.98000001907348632812 -1 -1.0199999809265136719 -1.0399999618530273438 -1.0599999427795410156 -1.0800000429153442383 -1.1000000238418579102 -1.120000004768371582 -1.1399999856948852539 3.8399999141693115234 3.8199999332427978516 3.7999999523162841797 3.7799999713897705078 3.7599999904632568359 3.7400000095367431641 3.7200000286102294922 3.7000000476837158203 3.6800000667572021484 3.6600000858306884766 3.6400001049041748047 3.6199998855590820312 3.5999999046325683594 3.5799999237060546875 3.5599999427795410156 3.5399999618530273438 3.5199999809265136719 3.5 3.4800000190734863281 3.4600000381469726562
4.2600002288818359375 4.2399997711181640625 4.2199997901916503906 4.1999998092651367188 4.1799998283386230469 4.159999847412109375 4.1399998664855957031 4.1199998855590820312 -0.89999997615814208984 -0.92000001668930053711 -0.93999999761581420898 -0.95999997854232788086 -0.98000001907348632812 -1 -1.0199999809265136719 -1.0399999618530273438 -1.0599999427795410156 -1.0800000429153442383 -1.1000000238418579102 -1.120000004768371582 -1.1399999856948852539 -1.1599999666213989258 3.8199999332427978516 3.7999999523162841797 3.7799999713897705078 3.7599999904632568359 3.7400000095367431641 3.7200000286102294922 3.7000000476837158203 3.6800000667572021484 3.6600000858306884766 3.6400001049041748047 3.6199998855590820312 3.5999999046325683594 3.5799999237060546875 3.5599999427795410156 3.5399999618530273438 3.5199999809265136719 3.5 3.4800000190734863281 3.4600000381469726562
4.2600002288818359375 4.2399997711181640625 4.2199997901916503906 4.1999998092651367188 4.1799998283386230469 4.159999847412109375 4.1399998664855957031 4.1199998855590820312 4.0999999046325683594 -0.92000001668930053711 -0.93999999761581420898 -0.95999997854232788086 -0.98000001907348632812 -1 -1.0199999809265136719 -1.0399999618530273438 -1.0599999427795410156 -1.0800000429153442383 -1.1000000238418579102 -1.120000004768371582 -1.1399999856948852539 -1.1599999666213989258 -1.1799999475479125977 3.7999999523162841797 3.7799999713897705078 3.7599999904632568359 3.7400000095367431641 3.7200000286102294922 3.7000000476837158203 3.6800000667572021484 3.6600000858306884766 3.6400001049041748047 3.6199998855590820312 3.5999999046325683594 3.5799999237060546875 3.5599999427795410156 3.5399999618530273438 3.5199999809265136719 3.5 3.4800000190734863281 3.4600000381469726562
4.2600002288818359375 4.2399997711181640625 4.2199997901916503906 4.1999998092651367188 4.1799998283386230469 4.159999847412109375 4.1399998664855957031 4.1199998855590820312 4.0999999046325683594 4.0799999237060546875 -0.93999999761581420898 -0.95999997854232788086 -0.98000001907348632812 -1 -1.0199999809265136719 -1.0399999618530273438 -1.0599999427795410156 -1.0800000429153442383 -1.1000000238418579102 -1.120000004768371582 -1.1399999856948852539 -1.1599999666213989258 -1.1799999475479125977 -1.2000000476837158203 3.7799999713897705078 3.7599999904632568359 3.7400000095367431641 3.7200000286102294922 3.7000000476837158203 3.6800000667572021484 3.6600000858306884766 3.6400001049041748047 3.6199998855590820312 3.5999999046325683594 3.5799999237060546875 3.5599999427795410156 3.5399999618530273438 3.5199999809265136719 3.5 3.4800000190734863281 3.4600000381469726562
4.2600002288818359375 4.2399997711181640625 4.2199997901916503906 4.1999998092651367188 4.1799998283386230469 4.159999847412109375 4.1399998664855957031 4.1199998855590820312 4.0999999046325683594 4.0799999237060546875 4.0599999427795410156 -0.95999997854232788086 -0.98000001907348632812 -1 -1.0199999809265136719 -1.0399999618530273438 -1.0599999427795410156 -1.0800000429153442383 -1.1000000238418579102 -1.120000004768371582 -1.1399999856948852539 -1.1599999666213989258 -1.1799999475479125977 -1.2000000476837158203 -1.2200000286102294922 3.7599999904632568359 3.7400000095367431641 3.7200000286102294922 3.7000000476837158203 3.6800000667572021484 3.6600000858306884766 3.6400001049041748047 3.6199998855590820312 3.5999999046325683594 3.5799999237060546875 3.5599999427795410156 3.5399999618530273438 3.5199999809265136719 3.5 3.4800000190734863281 3.4600000381469726562
4.2600002288818359375 4.2399997711181640625 4.2199997901916503906 4.1999998092651367188 4.1799998283386230469 4.159999847412109375 4.1399998664855957031 4.1199998855590820312 4.0999999046325683594 4.0799999237060546875 4.0599999427795410156 4.0399999618530273438 -0.98000001907348632812 -1 -1.0199999809265136719 -1.0399999618530273438 -1.0599999427795410156 -1.0800000429153442383 -1.1000000238418579102 -1.120000004768371582 -1.1399999856948852539 -1.1599999666213989258 -1.1799999475479125977 -1.2000000476837158203 -1.2200000286102294922 -1.2400000095367431641 3.7400000095367431641 3.7200000286102294922 3.7000000476837158203 3.6800000667572021484 3.6600000858306884766 3.6400001049041748047 3.6199998855590820312 3.5999999046325683594 3.5799999237060546875 3.5599999427795410156 3.5399999618530273438 3.5199999809265136719 3.5 3.4800000190734863281 3.4600000381469726562
4.2600002288818359375 4.2399997711181640625 4.2199997901916503906 4.1999998092651367188 4.1799998283386230469 4.159999847412109375 4.1399998664855957031 4.1199998855590820312 4.0999999046325683594 4.0799999237060546875 4.0599999427795410156 4.0399999618530273438 4.0199999809265136719 -1 -1.0199999809265136719 -1.0399999618530273438 -1.0599999427795410156 -1.0800000429153442383 -1.1000000238418579102 -1.120000004768371582 -1.1399999856948852539 -1.1599999666213989258 -1.1799999475479125977 -1.2000000476837158203 -1.2200000286102294922 -1.2400000095367431641 -1.2599999904632568359 3.7200000286102294922 3.7000000476837158203 3.6800000667572021484 3.6600000858306884766 3.6400001049041748047 3.6199998855590820312 3.5999999046325683594 3.5799999237060546875 3.5599999427795410156 3.5399999618530273438 3.5199999809265136719 3.5 3.4800000190734863281 3.4600000381469726562
4.2600002288818359375 4.2399997711181640625 4.2199997901916503906 4.1999998092651367188 4.1799998283386230469 4.159999847412109375 4.1399998664855957031 4.1199998855590820312 4.0999999046325683594 4.0799999237060546875 4.0599999427795410156 4.0399999618530273438 4.0199999809265136719 4 -1.0199999809265136719 -1.0399999618530273438 -1.0599999427795410156 -1.0800000429153442383 -1.1000000238418579102 -1.120000004768371582 -1.1399999856948852539 -1.1599999666213989258 -1.1799999475479125977 -1.2000000476837158203 -1.2200000286102294922 -1.2400000095367431641 -1.2599999904632568359 -1.2799999713897705078 3.7000000476837158203 3.6800000667572021484 3.6600000858306884766 3.6400001049041748047 3.6199998855590820312 3.5999999046325683594 3.5799999237060546875 3.5599999427795410156 3.5399999618530273438 3.5199999809265136719 3.5 3.4800000190734863281 3.4600000381469726562
4.2600002288818359375 4.2399997711181640625 4.2199997901916503906 4.1999998092651367188 4.1799998283386230469 4.159999847412109375 4.1399998664855957031 4.1199998855590820312 4.0999999046325683594 4.0799999237060546875 4.0599999427795410156 4.0399999618530273438 4.0199999809265136719 4 3.9800000190734863281 -1.0399999618530273438 -1.0599999427795410156 -1.0800000429153442383 -1.1000000238418579102 -1.120000004768371582 -1.1399999856948852539 -1.1599999666213989258 -1.1799999475479125977 -1.2000000476837158203 -1.2200000286102294922 -1.2400000095367431641 -1.2599999904632568359 -1.2799999713897705078 -1.2999999523162841797 3.6800000667572021484 3.6600000858306884766 3.6400001049041748047 3.6199998855590820312 3.5999999046325683594 3.5799999237060546875 3.5599999427795410156 3.5399999618530273438 3.5199999809265136719 3.5 3.4800000190734863281 3.4600000381469726562
4.2600002288818359375 4.2399997711181640625 4.2199997901916503906 4.1999998092651367188 4.1799998283386230469 4.159999847412109375 4.1399998664855957031 4.1199998855590820312 4.0999999046325683594 4.0799999237060546875 4.0599999427795410156 4.0399999618530273438 4.0199999809265136719 4 3.9800000190734863281 3.9600000381469726562 -1.0599999427795410156 -1.0800000429153442383 -1.1000000238418579102 -1.120000004768371582 -1.1399999856948852539 -1.1599999666213989258 -1.1799999475479125977 -1.2000000476837158203 -1.2200000286102294922 -1.2400000095367431641 -1.2599999904632568359 -1.2799999713897705078 -1.2999999523162841797 -1.3200000524520874023 3.6600000858306884766 3.6400001049041748047 3.6199998855590820312 3.5999999046325683594 3.5799999237060546875 3.5599999427795410156 3.5399999618530273438 3.5199999809265136719 3.5 3.4800000190734863281 3.4600000381469726562
4.2600002288818359375 4.2399997711181640625 4.2199997901916503906 4.1999998092651367188 4.1799998283386230469 4.159999847412109375 4.1399998664855957031 4.1199998855590820312 4.0999999046325683594 4.0799999237060546875 4.0599999427795410156 4.0399999618530273438 4.0199999809265136719 4 3.9800000190734863281 3.9600000381469726562 3.9400000572204589844 -1.0800000429153442383 -1.1000000238418579102 -1.120000004768371582 -1.1399999856948852539 -1.1599999666213989258 -1.1799999475479125977 -1.2000000476837158203 -1.2200000286102294922 -1.2400000095367431641 -1.2599999904632568359 -1.2799999713897705078 -1.2999999523162841797 -1.3200000524520874023 -1.3400000333786010742 3.6400001049041748047 3.6199998855590820312 3.5999999046325683594 3.5799999237060546875 3.5599999427795410156 3.5399999618530273438 3.5199999809265136719 3.5 3.4800000190734863281 3.4600000381469726562
4.2600002288818359375 4.2399997711181640625 4.2199997901916503906 4.1999998092651367188 4.1799998283386230469 4.159999847412109375 4.1399998664855957031 4.1199998855590820312 4.0999999046325683594 4.0799999237060546875 4.0599999427795410156 4.0399999618530273438 4.0199999809265136719 4 3.9800000190734863281 3.9600000381469726562 3.9400000572204589844 3.9200000762939453125 -1.1000000238418579102 -1.120000004768371582 -1.1399999856948852539 -1.1599999666213989258 -1.1799999475479125977 -1.2000000476837158203 -1.2200000286102294922 -1.2400000095367431641 -1.2599999904632568359 -1.2799999713897705078 -1.2999999523162841797 -1.3200000524520874023 -1.3400000333786010742 -1.3600000143051147461 3.6199998855590820312 3.5999999046325683594 3.5799999237060546875 3.5599999427795410156 3.5399999618530273438 3.5199999809265136719 3.5 3.4800000190734863281 3.4600000381469726562
4.2600002288818359375 4.2399997711181640625 4.2199997901916503906 4.1999998092651367188 4.1799998283386230469 4.159999847412109375 4.1399998664855957031 4.1199998855590820312 4.0999999046325683594 4.0799999237060546875 4.0599999427795410156 4.0399999618530273438 4.0199999809265136719 4 3.9800000190734863281 3.9600000381469726562 3.9400000572204589844 3.9200000762939453125 3.9000000953674316406 -1.120000004768371582 -1.1399999856948852539 -1.1599999666213989258 -1.1799999475479125977 -1.2000000476837158203 -1.2200000286102294922 -1.2400000095367431641 -1.2599999904632568359 -1.2799999713897705078 -1.2999999523162841797 -1.3200000524520874023 -1.3400000333786010742 -1.3600000143051147461 -1.379999995231628418 -1.3999999761581420898 -1.4199999570846557617 -1.4400000572204589844 -1.4600000381469726562 3.5199999809265136719 3.5 3.4800000190734863281 3.4600000381469726562
4.2600002288818359375 4.2399997711181640625 4.2199997901916503906 4.1999998092651367188 4.1799998283386230469 4.159999847412109375 4.1399998664855957031 4.1199998855590820312 4.0999999046325683594 4.0799999237060546875 4.0599999427795410156 4.0399999618530273438 4.0199999809265136719 4 3.9800000190734863281 3.9600000381469726562 3.9400000572204589844 3.9200000762939453125 3.9000000953674316406 3.8800001144409179688 -1.1399999856948852539 -1.1599999666213989258 -1.1799999475479125977 -1.2000000476837158203 -1.2200000286102294922 -1.2400000095367431641 -1.2599999904632568359 -1.2799999713897705078 -1.2999999523162841797 -1.3200000524520874023 -1.3400000333786010742 -1.3600000143051147461 -1.379999995231628418 -1.3999999761581420898 -1.4199999570846557617 -1.4400000572204589844 -1.4600000381469726562 -1.4800000190734863281 -1.5 -1.5199999809265136719 -1.5399999618530273438
4.2600002288818359375 4.2399997711181640625 4.2199997901916503906 4.1999998092651367188 4.1799998283386230469 4.159999847412109375 4.1399998664855957031 4.1199998855590820312 4.0999999046325683594 4.0799999237060546875 4.0599999427795410156 4.0399999618530273438 4.0199999809265136719 4 3.9800000190734863281 3.9600000381469726562 3.9400000572204589844 3.9200000762939453125 3.9000000953674316406 3.8800001144409179688 3.8599998950958251953 -1.1599999666213989258 -1.1799999475479125977 -1.2000000476837158203 -1.2200000286102294922 -1.2400000095367431641 -1.2599999904632568359 -1.2799999713897705078 -1.2999999523162841797 -1.3200000524520874023 -1.3400000333786010742 -1.3600000143051147461 -1.379999995231628418 -1.3999999761581420898 -1.4199999570846557617 -1.4400000572204589844 -1.4600000381469726562 -1.4800000190734863281 -1.5 -1.5199999809265136719 -1.5399999618530273438
