Test 3 - Meandering channel/dtm.asc
ncols        500
nrows        250
xllcorner    0.000000000000
yllcorner    0.000000000000
cellsize     20.000000000000
nodata_value -9999
[rows 54 to 71 of 250, columns 205 to 245 of 500]
5.9000000953674316406 5.8800001144409179688 5.8600001335144042969 5.840000152587890625 5.8200001716613769531 5.8000001907348632812 5.7800002098083496094 5.7600002288818359375 5.7399997711181640625 5.7199997901916503906 5.6999998092651367188 5.6799998283386230469 5.659999847412109375 5.6399998664855957031 5.6199998855590820312 5.5999999046325683594 5.5799999237060546875 5.5599999427795410156 5.5399999618530273438 5.5199999809265136719 5.5 5.4800000190734863281 5.4600000381469726562 5.4400000572204589844 5.4200000762939453125 5.4000000953674316406 5.3800001144409179688 5.3600001335144042969 5.340000152587890625 5.3200001716613769531 5.3000001907348632812 5.2800002098083496094 5.2600002288818359375 5.2399997711181640625 5.2199997901916503906 5.1999998092651367188 5.1799998283386230469 5.159999847412109375 5.1399998664855957031 5.1199998855590820312 5.0999999046325683594
5.9000000953674316406 5.8800001144409179688 5.8600001335144042969 5.840000152587890625 5.8200001716613769531 5.8000001907348632812 5.7800002098083496094 5.7600002288818359375 5.7399997711181640625 5.7199997901916503906 5.6999998092651367188 5.6799998283386230469 5.659999847412109375 5.6399998664855957031 5.6199998855590820312 5.5999999046325683594 5.5799999237060546875 5.5599999427795410156 5.5399999618530273438 5.5199999809265136719 5.5 5.4800000190734863281 5.4600000381469726562 5.4400000572204589844 5.4200000762939453125 5.4000000953674316406 5.3800001144409179688 5.3600001335144042969 5.340000152587890625 5.3200001716613769531 5.3000001907348632812 5.2800002098083496094 5.2600002288818359375 5.2399997711181640625 5.2199997901916503906 5.1999998092651367188 5.1799998283386230469 5.159999847412109375 5.1399998664855957031 5.1199998855590820312 5.0999999046325683594
5.9000000953674316406 5.8800001144409179688 5.8600001335144042969 5.840000152587890625 5.8200001716613769531 5.8000001907348632812 5.7800002098083496094 5.7600002288818359375 5.7399997711181640625 5.7199997901916503906 5.6999998092651367188 5.6799998283386230469 5.659999847412109375 5.6399998664855957031 5.6199998855590820312 5.5999999046325683594 5.5799999237060546875 5.5599999427795410156 5.5399999618530273438 5.5199999809265136719 5.5 5.4800000190734863281 5.4600000381469726562 5.4400000572204589844 5.4200000762939453125 5.4000000953674316406 5.3800001144409179688 5.3600001335144042969 5.340000152587890625 5.3200001716613769531 5.3000001907348632812 5.2800002098083496094 5.2600002288818359375 5.2399997711181640625 5.2199997901916503906 5.1999998092651367188 5.1799998283386230469 5.159999847412109375 5.1399998664855957031 5.1199998855590820312 5.0999999046325683594
5.9000000953674316406 5.8800001144409179688 5.8600001335144042969 5.840000152587890625 5.8200001716613769531 5.8000001907348632812 5.7800002098083496094 5.7600002288818359375 5.7399997711181640625 5.7199997901916503906 5.6999998092651367188 5.6799998283386230469 5.659999847412109375 5.6399998664855957031 5.6199998855590820312 5.5999999046325683594 5.5799999237060546875 5.5599999427795410156 5.5399999618530273438 5.5199999809265136719 5.5 5.4800000190734863281 5.4600000381469726562 5.4400000572204589844 5.4200000762939453125 5.4000000953674316406 5.3800001144409179688 5.3600001335144042969 5.340000152587890625 5.3200001716613769531 5.3000001907348632812 5.2800002098083496094 5.2600002288818359375 5.2399997711181640625 5.2199997901916503906 5.1999998092651367188 5.1799998283386230469 5.159999847412109375 5.1399998664855957031 5.1199998855590820312 5.0999999046325683594
5.9000000953674316406 5.8800001144409179688 5.8600001335144042969 5.840000152587890625 5.8200001716613769531 5.8000001907348632812 5.7800002098083496094 5.7600002288818359375 5.7399997711181640625 5.7199997901916503906 5.6999998092651367188 5.6799998283386230469 5.659999847412109375 5.6399998664855957031 5.6199998855590820312 5.5999999046325683594 5.5799999237060546875 5.5599999427795410156 5.5399999618530273438 5.5199999809265136719 5.5 5.4800000190734863281 5.4600000381469726562 5.4400000572204589844 5.4200000762939453125 5.4000000953674316406 5.3800001144409179688 5.3600001335144042969 5.340000152587890625 5.3200001716613769531 5.3000001907348632812 5.2800002098083496094 5.2600002288818359375 5.2399997711181640625 5.2199997901916503906 5.1999998092651367188 5.1799998283386230469 5.159999847412109375 5.1399998664855957031 5.1199998855590820312 5.0999999046325683594
5.9000000953674316406 5.8800001144409179688 5.8600001335144042969 5.840000152587890625 5.8200001716613769531 5.8000001907348632812 5.7800002098083496094 5.7600002288818359375 5.7399997711181640625 5.7199997901916503906 5.6999998092651367188 5.6799998283386230469 5.659999847412109375 5.6399998664855957031 5.6199998855590820312 5.5999999046325683594 5.5799999237060546875 5.5599999427795410156 5.5399999618530273438 5.5199999809265136719 5.5 5.4800000190734863281 5.4600000381469726562 5.4400000572204589844 5.4200000762939453125 5.4000000953674316406 5.3800001144409179688 5.3600001335144042969 5.340000152587890625 5.3200001716613769531 5.3000001907348632812 5.2800002098083496094 5.2600002288818359375 5.2399997711181640625 5.2199997901916503906 5.1999998092651367188 5.1799998283386230469 5.159999847412109375 5.1399998664855957031 5.1199998855590820312 5.0999999046325683594
5.9000000953674316406 5.8800001144409179688 5.8600001335144042969 5.840000152587890625 5.8200001716613769531 5.8000001907348632812 5.7800002098083496094 5.7600002288818359375 5.7399997711181640625 5.7199997901916503906 5.6999998092651367188 5.6799998283386230469 5.659999847412109375 5.6399998664855957031 5.6199998855590820312 5.5999999046325683594 5.5799999237060546875 5.5599999427795410156 5.5399999618530273438 5.5199999809265136719 5.5 5.4800000190734863281 5.4600000381469726562 5.4400000572204589844 5.4200000762939453125 5.4000000953674316406 5.3800001144409179688 5.3600001335144042969 5.340000152587890625 5.3200001716613769531 5.3000001907348632812 5.2800002098083496094 5.2600002288818359375 5.2399997711181640625 5.2199997901916503906 5.1999998092651367188 5.1799998283386230469 5.159999847412109375 5.1399998664855957031 5.1199998855590820312 5.0999999046325683594
5.9000000953674316406 5.8800001144409179688 5.8600001335144042969 5.840000152587890625 5.8200001716613769531 5.8000001907348632812 5.7800002098083496094 5.7600002288818359375 5.7399997711181640625 5.7199997901916503906 5.6999998092651367188 5.6799998283386230469 5.659999847412109375 5.6399998664855957031 5.6199998855590820312 5.5999999046325683594 5.5799999237060546875 5.5599999427795410156 5.5399999618530273438 5.5199999809265136719 5.5 5.4800000190734863281 5.4600000381469726562 5.4400000572204589844 5.4200000762939453125 5.4000000953674316406 5.3800001144409179688 5.3600001335144042969 5.340000152587890625 5.3200001716613769531 5.3000001907348632812 5.2800002098083496094 5.2600002288818359375 5.2399997711181640625 5.2199997901916503906 5.1999998092651367188 5.1799998283386230469 5.159999847412109375 5.1399998664855957031 5.1199998855590820312 5.0999999046325683594
5.9000000953674316406 5.8800001144409179688 5.8600001335144042969 5.840000152587890625 5.8200001716613769531 5.8000001907348632812 5.7800002098083496094 5.7600002288818359375 5.7399997711181640625 5.7199997901916503906 5.6999998092651367188 5.6799998283386230469 5.659999847412109375 5.6399998664855957031 5.6199998855590820312 5.5999999046325683594 5.5799999237060546875 5.5599999427795410156 5.5399999618530273438 5.5199999809265136719 5.5 5.4800000190734863281 5.4600000381469726562 5.4400000572204589844 5.4200000762939453125 5.4000000953674316406 5.3800001144409179688 5.3600001335144042969 5.340000152587890625 5.3200001716613769531 5.3000001907348632812 5.2800002098083496094 5.2600002288818359375 5.2399997711181640625 5.2199997901916503906 5.1999998092651367188 5.1799998283386230469 5.159999847412109375 5.1399998664855957031 5.1199998855590820312 5.0999999046325683594
5.9000000953674316406 5.8800001144409179688 5.8600001335144042969 5.840000152587890625 5.8200001716613769531 5.8000001907348632812 5.7800002098083496094 5.7600002288818359375 5.7399997711181640625 5.7199997901916503906 5.6999998092651367188 5.6799998283386230469 5.659999847412109375 5.6399998664855957031 5.6199998855590820312 5.5999999046325683594 5.5799999237060546875 5.5599999427795410156 5.5399999618530273438 5.5199999809265136719 5.5 5.4800000190734863281 5.4600000381469726562 5.4400000572204589844 5.4200000762939453125 5.4000000953674316406 5.3800001144409179688 5.3600001335144042969 5.340000152587890625 5.3200001716613769531 5.3000001907348632812 5.2800002098083496094 5.2600002288818359375 5.2399997711181640625 5.2199997901916503906 5.1999998092651367188 5.1799998283386230469 5.159999847412109375 5.1399998664855957031 5.1199998855590820312 5.0999999046325683594
5.9000000953674316406 5.8800001144409179688 5.8600001335144042969 5.840000152587890625 5.8200001716613769531 5.8000001907348632812 5.7800002098083496094 5.7600002288818359375 5.7399997711181640625 5.7199997901916503906 5.6999998092651367188 5.6799998283386230469 5.659999847412109375 5.6399998664855957031 5.6199998855590820312 5.5999999046325683594 5.5799999237060546875 5.5599999427795410156 5.5399999618530273438 5.5199999809265136719 5.5 5.4800000190734863281 5.4600000381469726562 5.4400000572204589844 5.4200000762939453125 5.4000000953674316406 5.3800001144409179688 5.3600001335144042969 5.340000152587890625 5.3200001716613769531 5.3000001907348632812 5.2800002098083496094 5.2600002288818359375 5.2399997711181640625 5.2199997901916503906 5.1999998092651367188 5.1799998283386230469 5.159999847412109375 5.1399998664855957031 5.1199998855590820312 5.0999999046325683594
5.9000000953674316406 5.8800001144409179688 5.8600001335144042969 5.840000152587890625 5.8200001716613769531 5.8000001907348632812 5.7800002098083496094 5.7600002288818359375 5.7399997711181640625 5.7199997901916503906 5.6999998092651367188 5.6799998283386230469 5.659999847412109375 5.6399998664855957031 5.6199998855590820312 5.5999999046325683594 5.5799999237060546875 5.5599999427795410156 5.5399999618530273438 5.5199999809265136719 5.5 5.4800000190734863281 5.4600000381469726562 5.4400000572204589844 5.4200000762939453125 5.4000000953674316406 5.3800001144409179688 5.3600001335144042969 5.340000152587890625 5.3200001716613769531 5.3000001907348632812 5.2800002098083496094 5.2600002288818359375 5.2399997711181640625 5.2199997901916503906 5.1999998092651367188 5.1799998283386230469 5.159999847412109375 5.1399998664855957031 5.1199998855590820312 5.0999999046325683594
5.9000000953674316406 5.8800001144409179688 5.8600001335144042969 5.840000152587890625 5.8200001716613769531 5.8000001907348632812 5.7800002098083496094 5.7600002288818359375 5.7399997711181640625 5.7199997901916503906 5.6999998092651367188 5.6799998283386230469 5.659999847412109375 5.6399998664855957031 5.6199998855590820312 5.5999999046325683594 5.5799999237060546875 5.5599999427795410156 5.5399999618530273438 5.5199999809265136719 5.5 5.4800000190734863281 5.4600000381469726562 5.4400000572204589844 5.4200000762939453125 5.4000000953674316406 5.3800001144409179688 5.3600001335144042969 5.340000152587890625 5.3200001716613769531 5.3000001907348632812 5.2800002098083496094 5.2600002288818359375 5.2399997711181640625 5.2199997901916503906 5.1999998092651367188 5.1799998283386230469 5.159999847412109375 5.1399998664855957031 5.1199998855590820312 5.0999999046325683594
5.9000000953674316406 5.8800001144409179688 5.8600001335144042969 5.840000152587890625 5.8200001716613769531 5.8000001907348632812 5.7800002098083496094 5.7600002288818359375 5.7399997711181640625 5.7199997901916503906 5.6999998092651367188 5.6799998283386230469 5.659999847412109375 5.6399998664855957031 5.6199998855590820312 5.5999999046325683594 5.5799999237060546875 5.5599999427795410156 5.5399999618530273438 5.5199999809265136719 5.5 5.4800000190734863281 5.4600000381469726562 5.4400000572204589844 5.4200000762939453125 5.4000000953674316406 5.3800001144409179688 5.3600001335144042969 5.340000152587890625 5.3200001716613769531 5.3000001907348632812 5.2800002098083496094 5.2600002288818359375 5.2399997711181640625 5.2199997901916503906 5.1999998092651367188 5.1799998283386230469 5.159999847412109375 5.1399998664855957031 5.1199998855590820312 5.0999999046325683594
5.9000000953674316406 5.8800001144409179688 5.8600001335144042969 5.840000152587890625 5.8200001716613769531 5.8000001907348632812 5.7800002098083496094 5.7600002288818359375 5.7399997711181640625 5.7199997901916503906 5.6999998092651367188 5.6799998283386230469 5.659999847412109375 5.6399998664855957031 5.6199998855590820312 5.5999999046325683594 5.5799999237060546875 5.5599999427795410156 5.5399999618530273438 5.5199999809265136719 5.5 5.4800000190734863281 5.4600000381469726562 5.4400000572204589844 5.4200000762939453125 5.4000000953674316406 5.3800001144409179688 5.3600001335144042969 5.340000152587890625 5.3200001716613769531 5.3000001907348632812 5.2800002098083496094 5.2600002288818359375 5.2399997711181640625 5.2199997901916503906 5.1999998092651367188 5.1799998283386230469 5.159999847412109375 5.1399998664855957031 5.1199998855590820312 5.0999999046325683594
5.9000000953674316406 5.8800001144409179688 5.8600001335144042969 5.840000152587890625 5.8200001716613769531 5.8000001907348632812 5.7800002098083496094 5.7600002288818359375 5.7399997711181640625 5.7199997901916503906 5.6999998092651367188 5.6799998283386230469 5.659999847412109375 5.6399998664855957031 5.6199998855590820312 5.5999999046325683594 5.5799999237060546875 5.5599999427795410156 5.5399999618530273438 5.5199999809265136719 5.5 5.4800000190734863281 5.4600000381469726562 5.4400000572204589844 5.4200000762939453125 5.4000000953674316406 5.3800001144409179688 5.3600001335144042969 5.340000152587890625 5.3200001716613769531 5.3000001907348632812 5.2800002098083496094 5.2600002288818359375 5.2399997711181640625 5.2199997901916503906 5.1999998092651367188 5.1799998283386230469 5.159999847412109375 5.1399998664855957031 5.1199998855590820312 5.0999999046325683594
5.9000000953674316406 5.8800001144409179688 5.8600001335144042969 5.840000152587890625 5.8200001716613769531 5.8000001907348632812 5.7800002098083496094 5.7600002288818359375 5.7399997711181640625 5.7199997901916503906 5.6999998092651367188 5.6799998283386230469 5.659999847412109375 5.6399998664855957031 5.6199998855590820312 5.5999999046325683594 5.5799999237060546875 5.5599999427795410156 5.5399999618530273438 5.5199999809265136719 5.5 5.4800000190734863281 5.4600000381469726562 5.4400000572204589844 5.4200000762939453125 5.4000000953674316406 5.3800001144409179688 5.3600001335144042969 5.340000152587890625 5.3200001716613769531 5.3000001907348632812 5.2800002098083496094 5.2600002288818359375 5.2399997711181640625 5.2199997901916503906 5.1999998092651367188 5.1799998283386230469 5.159999847412109375 5.1399998664855957031 5.1199998855590820312 5.0999999046325683594
5.9000000953674316406 5.8800001144409179688 5.8600001335144042969 5.840000152587890625 5.8200001716613769531 5.8000001907348632812 5.7800002098083496094 5.7600002288818359375 5.7399997711181640625 5.7199997901916503906 5.6999998092651367188 5.6799998283386230469 5.659999847412109375 5.6399998664855957031 5.6199998855590820312 5.5999999046325683594 5.5799999237060546875 5.5599999427795410156 5.5399999618530273438 5.5199999809265136719 5.5 5.4800000190734863281 5.4600000381469726562 5.4400000572204589844 5.4200000762939453125 5.4000000953674316406 5.3800001144409179688 5.3600001335144042969 5.340000152587890625 5.3200001716613769531 5.3000001907348632812 5.2800002098083496094 5.2600002288818359375 5.2399997711181640625 5.2199997901916503906 5.1999998092651367188 5.1799998283386230469 5.159999847412109375 5.1399998664855957031 5.1199998855590820312 5.0999999046325683594
